682.903137
672.097473
687.477234
694.330872
681.583008
693.807617
697.315186
671.996582
685.532532
668.798218
688.815552
704.559814
679.253357
710.141418
678.525818
677.379578
687.299744
687.257507
699.906128
680.239929
682.582458
676.587585
664.000000
670.953186
668.005737
661.372070
695.132019
697.744446
682.270935
648.557312
683.294067
651.977661
673.297607
685.972412
666.319214
684.738586
690.196106
685.067139
686.049255
668.667114
708.846680
671.740967
676.687744
662.238220
672.944763
694.979858
699.118164
686.525330
679.974854
681.206970
645.327637
690.930969
698.225891
692.161621
664.292114
686.700623
689.640564
669.408813
701.428894
686.691895
693.706177
687.973633
679.866150
681.766602
660.445557
694.415771
692.242798
689.084473
674.822144
692.732117
648.575317
713.821899
684.925232
671.705444
703.856079
698.907349
709.987122
685.871033
696.713318
657.151978
672.973389
713.080444
667.033386
709.348145
687.731934
699.584534
722.798157
678.604309
725.477905
696.954529
696.440552
689.088562
693.798340
719.613464
688.481995
695.385864
690.459229
702.634277
686.989075
725.828674
694.018311
700.334229
707.980591
722.246704
693.983948
689.606873
708.631592
692.021057
673.283813
690.551208
681.932312
703.394653
713.266113
684.348755
695.505859
707.604065
716.515259
710.905151
675.989014
706.183411
713.962036
705.109131
680.913086
709.821960
703.884705
699.383545
724.405029
707.423462
718.577454
712.578613
711.402222
728.107666
732.074158
696.767456
723.524963
695.255920
703.957703
713.712463
713.952209
719.578796
717.185425
744.508240
711.878845
690.496826
677.677856
705.991150
690.628662
721.713135
722.302795
702.752258
697.578186
716.193115
708.298462
733.847900
694.779602
720.422546
708.585327
702.954468
713.231812
727.664429
727.848999
677.779480
703.393860
710.047729
712.116394
721.702820
713.716858
715.042297
705.761658
727.231323
684.114380
695.802002
719.147522
703.116211
724.981445
688.301208
721.627563
686.318604
696.057617
728.881714
731.580017
730.065491
738.036987
697.736694
711.977600
729.190186
702.902832
719.707031
695.032043
703.616760
720.125854
689.965393
711.234192
739.107178
732.151855
721.662354
735.546875
733.960388
692.473572
721.134949
704.819397
710.246094
717.396973
733.569702
710.885925
743.713806
715.046082
750.932251
740.870422
743.692322
703.822815
719.551392
711.417297
746.047119
720.122559
691.929565
709.771179
727.145203
706.392822
729.358032
734.492493
729.058960
707.362000
699.281860
727.368652
738.703979
725.580261
712.719055
739.790527
724.490173
738.180664
737.725159
720.909973
707.901794
716.758606
735.088379
697.885559
708.073730
729.934509
741.972778
731.290222
740.007080
752.905945
719.302979
743.481018
740.341248
724.185547
736.097412
734.189697
718.493103
744.515503
732.535156
716.776672
744.273438
740.923645
728.800781
744.278625
743.012451
728.438599
762.183105
736.121094
748.418823
736.426208
729.732178
730.481567
752.603760
743.227966
711.919189
747.123901
727.691956
754.040588
755.808899
730.007874
745.193237
748.752075
718.237610
741.978394
738.319458
730.170166
746.783508
739.352478
757.666382
742.535583
762.083679
736.806335
763.779724
735.382629
733.509338
736.825989
746.791443
758.737061
722.926819
759.917603
766.896057
738.753357
750.467957
750.265625
766.114319
741.360657
763.462769
751.890808
750.164062
773.944824
730.802429
759.235474
745.921021
786.523254
779.306274
745.669006
772.472656
755.714966
744.377808
747.503784
728.644714
740.244202
764.560364
769.860046
752.447693
750.809326
777.808472
769.105896
716.089111
754.338745
731.241211
766.180664
757.144409
771.731262
743.369019
739.178101
760.823120
761.592346
751.913452
758.230957
770.029663
759.427307
759.288818
749.201782
762.947388
759.160034
796.104187
789.563477
776.998840
787.084412
733.335388
756.745728
779.699585
756.761292
765.486084
783.037720
770.760498
758.196289
780.762268
782.348389
752.124695
761.691467
764.879944
765.153931
747.729980
741.163818
754.044739
762.206482
767.479126
770.715576
751.830688
753.535522
749.494385
760.100159
734.939331
744.254700
747.762207
730.746948
741.020996
732.461853
789.265930
766.657959
758.990356
756.191040
772.752930
769.252686
765.831299
790.220642
773.819885
750.354187
780.529785
773.761230
751.722717
753.135132
764.543213
775.160400
773.928101
781.519226
767.779724
782.017700
783.318237
761.087952
744.372864
772.044434
780.115417
758.988647
791.500305
762.830688
772.365784
776.436035
785.756104
759.082947
755.887146
776.534668
763.160706
784.278809
746.622375
765.841370
759.337280
792.931152
767.189941
762.785095
770.593872
761.755615
761.349731
788.093689
771.132935
731.819580
757.497009
775.962036
753.692932
771.210449
757.378357
764.965088
777.082947
782.581299
767.817627
781.013428
781.885681
750.257324
781.275024
783.055237
751.037415
766.976807
779.056580
772.958313
776.091248
755.859924
782.415405
770.538452
778.216736
773.622803
795.372314
789.818848
788.700745
771.997864
766.649109
760.020203
774.939148
796.337830
770.387268
740.177917
781.975769
764.815308
734.793640
751.487183
742.748047
797.809875
772.015564
777.564575
782.140869
758.591064
771.615845
748.797668
774.048950
765.068848
777.023254
774.255127
776.669189
770.480408
798.727844
777.712219
791.906189
791.338867
786.205566
770.099365
753.276672
790.936035
767.802002
780.280945
777.407776
765.052490
780.768677
758.644165
787.011230
784.003235
784.408264
760.043152
794.842224
787.894348
793.267517
758.597351
784.028442
767.377441
754.731323
789.993225
764.091736
743.866821
760.590698
798.346619
779.580566
801.850403
788.804382
750.755859
793.959717
762.029602
760.555542
754.981812
774.994934
776.668274
759.030579
792.293213
792.073059
782.973633
778.535767
797.755127
793.670227
765.508240
784.147827
794.098450
777.695923
797.188538
767.260864
778.752380
775.893555
779.687866
822.851562
768.187256
782.551453
772.520020
786.433411
773.961365
770.814941
755.650452
793.624390
778.311646
771.100220
782.703247
749.699585
764.607483
778.527283
783.234558
774.915649
777.838806
755.081299
759.774475
793.888123
790.939331
784.491638
787.990234
774.511108
801.019470
760.973145
788.944092
786.541504
782.810364
764.882385
774.627441
749.344727
795.694153
794.817566
781.415344
756.355347
781.048218
795.306396
810.466675
792.405029
767.755493
759.286682
781.204712
797.000732
778.463684
758.405823
765.724548
760.104980
794.682312
783.450562
774.781433
814.769043
742.747314
796.048523
768.634155
810.493530
773.453613
765.643555
780.465576
799.974792
781.748962
772.752991
792.035645
776.585876
777.827148
795.709229
781.212952
767.994629
787.641602
787.206726
793.263123
787.031494
782.683960
781.335388
778.634277
781.487793
763.237793
768.839111
772.862061
811.776306
791.499207
781.193604
768.134949
792.760498
763.698120
788.608337
749.745850
789.586792
766.888672
781.277039
782.748962
746.914734
773.716675
788.785217
776.826660
797.256348
786.969971
780.735779
785.803955
818.603882
785.766602
775.008484
772.112671
779.921570
801.306885
778.486694
762.564026
776.760193
787.278137
806.319214
769.797913
777.080811
795.021851
765.501526
793.115967
782.118958
772.899048
778.953796
811.643494
795.244385
799.501587
800.541992
786.565491
780.098816
774.461426
779.923767
775.350586
798.838501
809.934265
804.306763
782.678040
794.296936
784.566040
765.476440
771.244812
782.460388
796.625916
789.295288
777.089478
797.517456
800.792297
754.230408
791.555786
780.002075
749.899719
792.335632
789.851501
779.647583
777.152649
767.205322
793.247192
785.731140
799.971252
772.884949
814.300232
777.111877
771.380615
776.216187
802.701477
780.067017
792.455811
797.765198
781.436768
769.162231
781.761536
780.806519
775.515320
813.771057
786.694641
797.851013
788.812378
778.528625
776.475159
770.650452
771.434937
788.937012
778.179138
782.589722
797.604919
779.016357
770.220032
775.767151
778.899109
807.448486
779.833191
761.877869
775.337585
820.221741
773.273560
786.952698
801.307861
789.010010
783.982300
769.655334
797.987305
788.916748
781.428894
803.302429
775.864929
800.572998
791.288391
818.516724
765.998230
797.986450
757.721008
775.777283
767.124268
772.359375
782.862122
783.178467
775.913086
784.665466
783.239075
782.023193
805.038696
786.408813
798.685791
806.907654
794.498108
818.557739
785.425171
782.801392
808.518921
795.355164
806.431580
797.886597
782.445374
788.937805
808.152832
791.601013
795.716125
778.231995
815.289185
792.764832
783.547485
805.109741
795.141907
798.164246
778.086487
777.662109
803.502441
808.413086
773.677185
775.709167
802.968689
767.764038
781.706482
793.620483
812.020386
775.487061
791.464844
761.389587
787.067017
799.585388
801.412903
819.162170
796.483887
775.109863
808.430908
820.605896
805.725403
826.859558
785.103210
798.020935
798.478821
798.749023
780.863953
786.723145
790.551453
788.407349
790.689270
799.765869
819.011414
777.361023
778.820007
774.253174
813.168640
766.537292
787.670532
795.111877
793.123230
793.494934
793.660828
794.544922
814.249939
768.950562
792.175171
803.800781
810.600525
804.810425
795.706177
819.609009
774.411194
794.849365
797.713440
806.931641
803.621887
780.849365
787.843750
786.176941
778.537781
760.201233
797.769348
824.318359
799.253418
799.561218
789.524902
789.390015
770.796448
786.818604
784.642334
814.247192
796.050049
809.617554
788.969910
800.674255
822.945984
814.633423
797.681946
791.673035
799.094666
783.444397
775.065369
759.191162
793.154053
833.299072
759.318604
804.978882
792.640503
795.476746
784.069214
780.738342
784.996277
816.978088
805.223572
823.250732
827.464783
786.238342
785.957397
819.791504
788.510193
790.108093
802.780396
809.142822
823.646912
785.955444
772.418213
830.469055
800.731323
810.876709
795.986511
826.564514
799.176392
795.957397
795.597168
784.458862
800.644043
788.623901
814.194092
804.258667
796.997620
815.245239
797.866516
821.277527
786.835693
824.608459
780.168152
806.304626
793.152954
783.970276
823.775696
770.776367
769.893555
786.513977
796.922424
778.674438
787.528198
790.772827
781.584717
807.207214
781.015015
805.977051
793.325684
793.627808
805.492065
776.594910
832.182739
818.159424
814.955322
801.153137
808.004883
808.983826
799.616089
807.555054
817.000061
795.291077
790.646973
785.981445
804.399780
801.921448
787.742310
789.863098
779.798950
790.006165
766.252258
779.148926
810.800720
798.734680
759.284241
810.599426
801.455078
804.798035
771.728088
814.786987
783.990356
789.248047
798.339722
783.649597
791.077454
801.629761
796.417664
782.165649
807.844543
790.029480
817.027222
783.617371
795.807251
795.789429
805.690918
805.203186
793.553467
774.835022
799.690308
830.828369
782.445496
804.281555
811.372375
790.464783
817.730591
779.766724
809.609558
812.221008
796.169434
802.980225
801.350952
791.842712
796.302490
812.750610
809.537537
764.228943
809.855591
823.502563
818.900452
787.589966
790.033325
788.560913
767.369202
807.429382
806.099976
805.600647
809.297913
807.276062
797.701233
789.846680
815.936401
827.347107
822.984314
796.058289
777.671326
800.399841
801.601013
769.786682
779.114136
799.803284
807.804016
787.704895
801.234314
815.494080
799.080017
819.360107
797.381470
806.229797
805.106445
772.347900
800.754089
783.758667
794.626221
808.099243
815.581116
792.216064
785.254944
805.263916
774.280640
815.408020
804.294495
783.940857
788.964294
829.321777
785.860352
792.224304
793.219482
796.084534
757.099854
796.140076
794.384338
787.197021
774.371399
785.667175
771.235901
801.488037
821.197937
802.081177
789.981201
809.792969
805.298218
802.584961
813.667358
797.494141
800.277832
796.051453
775.879211
803.923157
773.354736
755.005859
788.286316
782.517273
786.172607
763.956909
802.992554
795.451965
789.182861
774.486694
819.852661
792.238586
803.357178
798.164795
798.853271
775.225403
792.331360
788.341064
780.689026
792.114929
809.015930
782.429382
802.864990
828.655945
804.149536
774.107971
781.549805
766.259766
784.441223
808.424011
786.732788
789.662842
787.412842
796.416321
796.774231
825.945801
770.036011
813.536499
786.623291
782.954468
808.796387
772.995972
791.428101
802.127625
802.526917
812.146729
803.285645
779.833496
775.787720
790.711731
770.517578
813.507141
800.272339
772.308594
797.527405
783.086853
763.872559
803.977356
800.294006
809.971924
805.536438
796.061157
798.295532
783.010437
790.218933
772.905334
798.773804
809.463562
796.938660
805.783936
803.552429
820.934082
810.691101
774.070312
786.142578
817.679932
818.151245
800.396057
814.943481
782.253967
817.092407
797.020508
786.534424
824.446899
817.663086
807.530212
790.318054
806.235535
798.923645
812.129150
789.712646
795.050049
829.445435
805.408813
790.802185
794.282959
779.726501
796.602661
791.848755
802.141052
802.662964
790.242126
800.826904
782.314880
799.152466
803.654480
783.671631
807.899963
810.572754
802.991455
800.341370
792.054382
776.220947
813.485901
790.738403
787.253235
796.331604
813.891602
802.709595
768.953735
774.249390
795.505371
776.574829
779.309875
790.706299
803.037598
796.270325
796.585999
784.494080
802.519897
805.055481
849.331177
789.700134
811.716553
786.432861
790.521484
783.995300
774.839966
805.670532
802.526245
799.826355
793.349854
801.542603
811.147034
797.481140
790.420288
782.964661
808.312195
776.338196
807.757141
793.895020
773.479980
787.819214
792.172791
831.915100
808.257874
779.446289
792.085388
797.184814
792.488281
797.903381
799.257202
787.310730
804.396851
818.540222
788.840637
789.920776
785.722351
802.939880
806.246643
794.724304
800.007141
806.884705
791.690918
768.748718
817.212463
809.322998
808.861694
789.796814
813.798096
813.962036
784.316101
800.028992
809.768433
809.221558
825.398315
800.125732
807.629333
800.559448
790.929321
801.338745
812.117432
801.224854
776.278015
808.457581
809.207031
799.796936
798.397339
803.354004
807.512329
780.455688
801.283386
794.377808
832.735229
813.059509
783.450073
789.679382
816.031067
793.449219
795.968628
784.674438
816.957458
787.519836
787.813599
776.950806
795.427734
784.805054
805.275330
825.038452
810.303650
791.364319
814.043579
827.720642
791.568481
802.051025
820.291016
818.362488
776.655884
795.794800
793.363220
778.485718
796.332703
787.492676
806.419434
811.795105
807.561096
812.283936
803.743896
806.048401
800.762085
809.051758
831.268677
807.838989
805.403748
789.864563
790.429443
785.158264
788.343384
808.187439
791.385071
792.115906
793.221008
802.233521
793.324890
775.875366
794.119568
800.582886
811.407715
805.199707
802.824219
784.969299
810.662415
815.738464
807.067261
804.917786
793.593872
784.091248
810.119141
803.354492
805.142761
786.214233
803.832275
785.943237
802.008545
793.980042
796.865051
819.174805
782.602295
831.971558
811.783508
806.218567
821.242737
802.552246
796.144409
767.191467
817.186096
806.697815
796.951294
749.816406
813.795166
797.636780
804.556213
792.729614
801.428467
803.708374
830.665710
812.184937
820.321838
808.049072
802.039795
804.495850
802.480225
777.479248
832.415771
807.805603
797.786743
806.036621
792.408997
822.048706
788.546082
800.677612
816.022095
807.376160
767.409546
802.335693
823.614075
801.544861
804.785156
813.207642
791.435730
800.882935
795.044189
800.855286
803.498962
797.876526
802.836670
801.552734
800.000671
822.553955
792.674744
791.154846
820.691650
797.554565
823.392822
816.526001
784.137817
799.372864
803.002075
818.094116
789.184937
807.282837
817.275818
840.289734
799.156982
794.721924
805.946472
799.090881
786.154541
807.867737
803.095093
803.234192
807.520020
781.320679
830.582336
793.434021
796.557129
816.895386
785.968506
797.520447
790.473450
777.034912
802.524475
821.258179
823.151123
813.873108
808.921997
767.931274
796.129700
789.646179
825.961853
829.879700
819.067505
834.150696
819.357178
842.846191
780.858643
824.667358
815.973572
807.886353
792.226929
786.120422
797.847351
832.138550
805.636536
807.419861
844.555725
804.867432
773.925293
800.249084
819.850525
835.148804
822.655151
792.607300
808.071838
801.370178
826.083557
797.894653
839.368469
792.762512
825.435974
808.953308
812.323120
824.013428
809.781006
783.618103
822.825989
807.903137
806.251160
806.781738
812.656372
800.821533
806.154602
816.919861
815.608398
823.778809
836.778625
798.501526
813.026978
837.106689
796.469177
797.658875
802.512939
802.299683
784.817505
813.905701
812.487488
811.296875
814.031433
809.358276
811.605164
812.112244
787.473389
809.992310
825.415649
813.128906
811.923218
829.322632
790.072937
799.377808
797.471436
804.856506
796.344177
778.833252
807.549316
801.135376
829.781982
793.072388
791.853577
804.766052
792.981079
827.930542
821.585754
809.638000
793.973694
819.004761
816.942749
799.720276
774.301208
791.805481
810.054993
810.372559
794.936218
799.089722
811.161072
826.868042
804.837402
789.763916
782.316345
791.502197
827.008057
813.722961
810.422119
794.506104
824.169312
811.912781
820.553894
815.318237
845.249390
818.060364
812.869141
825.489746
825.768860
808.587158
826.519287
809.158997
818.068970
834.369812
805.278259
825.286133
784.936462
822.577942
816.430908
800.570007
794.429749
805.119324
809.729492
836.912231
801.016113
804.031372
809.002197
786.818298
784.377014
815.590027
782.118103
786.678589
785.069519
804.940002
786.911865
822.736816
803.270508
818.999084
812.637390
797.978638
813.351013
782.729065
823.639282
795.714294
796.356262
809.415527
790.615723
813.633789
800.146484
828.492981
834.348450
782.103516
809.692200
831.725647
794.684082
794.875549
845.970703
785.608826
834.189270
819.158020
820.594727
806.048462
771.761292
809.022827
806.483765
827.863403
825.006104
821.753967
783.816589
787.143250
817.928101
814.122986
813.702515
820.518982
811.684448
804.814880
791.549011
799.573975
831.771606
825.551819
824.623962
807.323120
828.589478
816.473511
810.866394
812.818359
795.178894
819.272217
824.750183
809.625427
835.826721
812.457642
824.549133
827.015503
830.334229
792.145935
800.762207
811.057739
789.567444
815.447144
797.358643
802.704346
827.611816
848.950867
797.789734
825.644897
807.442078
789.547668
801.502380
808.862488
810.495972
818.769226
811.089783
827.849976
818.127869
806.046753
827.066162
793.305420
809.252258
788.191589
783.327209
778.830200
810.563110
804.359436
796.431519
787.791077
800.911072
831.897278
823.457764
833.788147
827.181030
786.759155
797.852539
780.858032
788.493225
798.928406
820.874146
790.318726
815.497559
803.814697
803.328674
807.413757
787.174500
789.205688
802.391541
823.235535
814.886597
790.240845
795.561279
790.457153
806.091980
803.295166
810.696594
801.665100
808.836426
795.583008
808.138428
834.820129
802.495117
800.877380
821.362488
785.878235
796.842834
815.944031
813.369080
767.825195
822.525879
799.403687
817.830811
787.918457
812.083313
808.204224
801.291626
791.806885
818.009460
822.766541
819.200500
805.957397
822.499451
802.121277
832.783325
803.375244
824.464722
800.295715
790.011475
778.930176
797.779663
798.660278
810.735840
789.651062
793.650208
783.668274
791.273193
804.439941
818.253662
807.375732
827.534973
789.376404
829.171143
823.696167
847.644592
804.404053
807.483887
817.593018
813.685425
806.126770
838.478149
805.246033
812.007751
822.181396
818.357971
832.549500
822.374084
838.766174
803.039734
805.184998
805.485718
839.263062
808.811279
822.322144
819.300415
814.564758
792.045471
796.443970
795.413513
834.438660
819.659668
806.839539
786.071533
817.832703
815.206055
817.202820
795.532532
824.245300
795.929871
826.491699
815.793640
809.543945
824.946960
812.785400
836.035034
797.944397
800.806335
812.587402
825.297363
847.940674
832.548279
800.043701
823.115967
808.990540
813.380188
816.080322
813.159180
826.239746
808.840271
835.836792
802.922913
807.855103
826.536072
794.341248
818.956909
806.875000
799.261963
819.440430
810.057495
823.675598
800.762878
813.484924
810.813171
816.079651
803.459412
823.721558
800.064575
799.294067
809.505493
815.142700
798.160217
830.953125
791.247925
793.625366
825.554138
795.539001
822.344604
855.497437
832.487488
829.614441
826.699280
815.818481
846.211304
804.684753
840.693115
807.246155
810.164795
827.550598
812.962341
810.827271
803.846252
801.364990
811.154114
794.190430
810.795044
816.943176
802.088196
804.181763
810.730469
822.450867
830.524841
811.341797
804.884277
799.524780
801.984802
823.192078
822.917969
815.579407
816.270081
825.506775
819.358582
830.169983
806.825867
833.257874
844.773315
809.171936
838.910278
841.958435
820.011475
802.931702
826.119324
805.235596
804.776978
803.621582
794.893066
803.213257
805.197266
788.029236
808.139404
833.551514
801.193176
817.493042
797.896240
820.186646
793.935364
816.284607
807.391907
808.918152
815.249695
832.451538
818.347229
798.609741
837.565002
796.176758
827.604919
797.945190
805.388916
797.179260
779.398804
793.864380
789.885437
813.464233
805.719055
821.647949
824.339905
795.560059
825.598938
812.139771
812.275757
813.254822
817.550171
812.832642
803.810791
813.531067
834.565796
806.873474
836.412659
793.826660
798.950500
814.428772
811.770935
819.100281
813.039124
814.108154
807.404053
809.211304
831.351501
804.700562
817.055420
797.988403
814.898682
790.848999
835.450928
781.133301
814.737000
830.069946
825.748230
818.868164
796.905579
822.961975
824.726929
849.807190
834.991516
815.830688
804.390869
789.372986
810.635864
790.333923
808.200500
794.706848
814.713562
820.956848
813.491150
800.900940
832.198792
837.925842
814.665100
801.087585
819.086121
812.428528
803.294250
808.584473
827.343140
802.513000
844.143860
808.005798
819.225891
799.372864
797.201233
821.127136
830.214355
817.585388
819.907410
826.558960
784.387634
826.339050
816.254883
820.703918
803.437683
843.715149
820.963623
806.746399
805.666931
814.152405
814.607361
800.103699
817.259583
800.512756
827.647705
788.086304
789.165161
799.463135
815.450867
812.726807
804.048462
818.168518
811.630371
814.399475
810.269348
841.093750
813.998474
789.773926
816.608643
795.316040
811.346375
825.575439
768.606262
845.023743
813.515442
824.686462
798.733887
827.963135
802.987915
789.101440
820.423950
802.477356
815.990906
808.412842
826.025696
813.742676
817.235657
821.400574
832.925659
830.066650
809.419800
810.532043
816.285095
811.719116
784.541992
834.874817
817.472595
796.582092
809.603210
817.395996
834.541138
829.502258
827.692078
806.048767
800.261963
792.634949
819.656982
805.371765
807.780640
805.685303
830.835815
818.384766
819.493225
817.621948
828.448181
809.918518
812.647339
828.292114
809.974487
789.717834
811.203674
837.649658
824.254761
823.839294
829.989502
816.510864
788.476135
811.710693
835.669678
804.503235
827.699951
801.709778
830.843201
808.536377
800.491943
818.458618
806.553955
814.240723
813.387573
808.845398
816.544250
826.347961
821.048523
805.358887
804.489502
835.118042
795.778687
814.737732
817.435913
833.432617
812.032959
824.645752
809.521545
801.179810
814.334656
833.754883
803.930054
803.958008
861.643555
797.709778
823.669739
825.551453
813.713928
826.210083
801.908936
833.335327
809.278015
835.531677
804.941284
811.541992
825.847168
830.321228
806.825684
828.799744
802.370850
784.644348
820.040588
842.225586
830.686890
823.531250
829.575562
813.072937
806.730164
815.924194
827.186890
812.330933
823.198730
816.870911
811.867798
841.556580
824.478333
836.713196
796.553589
832.354431
833.875793
819.005188
806.115540
807.721680
818.911255
827.035645
809.571228
824.956421
827.745117
850.046570
829.203674
824.592834
794.552917
825.211365
842.302734
828.220520
824.839172
837.225952
811.786072
828.597473
809.170410
805.107910
820.102356
819.018494
806.296631
838.315430
831.508118
804.315002
817.119690
785.698181
796.911255
811.582275
826.968445
823.122253
774.486694
807.644592
812.026917
814.228516
822.881958
825.712585
816.439270
815.762573
800.476562
787.631836
827.274536
811.059082
810.890808
790.760437
812.277405
790.648560
796.550293
815.757629
811.732178
814.539307
815.115417
823.504700
835.791870
801.222656
817.164734
806.073303
822.914856
804.416443
838.100952
842.383423
836.905518
844.639038
817.867310
831.449341
809.700195
827.440491
810.400879
812.800476
821.730103
835.657593
830.583191
824.495544
817.431519
839.370422
802.129272
832.690613
809.222595
808.465637
819.240723
796.239563
817.973206
833.894287
827.279541
846.252014
812.620361
840.066223
834.917664
825.835938
823.788513
789.264465
824.188538
819.485657
821.584656
834.353394
824.243591
831.673340
814.108215
844.406860
821.559326
815.829102
833.348145
809.157593
836.342285
802.373108
833.088318
838.898376
827.209656
830.618530
817.664978
828.445801
844.739319
813.133057
830.308960
832.901184
812.564575
827.205078
813.439026
830.497498
816.132874
812.221313
830.272461
836.513611
817.277710
822.457825
810.870605
807.253174
828.436462
824.672302
838.681885
827.849243
804.027527
807.862000
815.829529
827.666809
822.829285
848.675049
823.758484
821.752686
836.306519
813.978210
820.833008
817.618958
834.806763
832.256653
844.885071
808.942688
832.389343
821.570129
820.232849
824.214966
848.854370
821.810303
839.159790
838.229614
838.756531
831.063904
835.389526
836.427368
832.113892
830.291138
839.414307
826.629456
845.163513
818.416321
853.771240
856.673340
821.068054
820.616577
804.642883
841.311279
831.011963
831.966431
851.374268
851.345825
850.755737
847.645325
846.896301
854.075195
860.818359
836.831177
847.604187
840.854858
849.325684
830.113159
850.981262
869.153503
843.865845
851.568481
826.638062
832.107361
837.294128
839.615234
878.044678
838.840393
848.482788
841.839050
860.462036
858.927979
827.944397
851.689514
858.640320
849.336121
854.677002
876.740662
828.005432
846.257812
837.051819
830.763489
841.502197
839.663635
855.070740
851.141357
857.355225
854.294006
824.957947
846.262573
864.671631
839.805908
844.474854
839.755859
848.892334
834.030701
847.557312
847.903931
811.812073
838.136169
838.405090
812.971252
858.007202
847.203186
853.024170
844.647644
857.694336
830.651428
830.470398
825.482117
848.185913
860.501465
851.065002
834.619385
852.127380
815.223328
838.907104
831.878540
819.813416
821.310913
836.600037
843.108582
843.226318
826.775879
830.460266
857.101990
853.545776
854.254150
859.926636
813.684937
831.192505
846.946472
856.451172
835.177002
829.775818
840.819031
828.833618
838.146118
844.470459
832.004333
844.605347
851.638794
846.948181
856.838623
840.004822
822.833984
849.011169
856.231445
822.896484
845.714172
805.190674
847.928223
835.875488
838.538574
802.301086
840.829529
847.016357
834.508667
825.664917
849.880249
858.565796
835.605347
819.890320
834.395935
857.369812
838.601807
854.071655
845.964417
849.227844
854.954895
832.300049
829.243652
847.674988
825.290039
806.379944
837.461914
851.913818
855.483521
848.290100
838.721802
824.223877
844.077026
839.810974
855.841797
844.868164
810.207520
830.701050
839.529785
854.720520
849.414368
866.666626
839.800781
829.491943
829.521423
857.428223
844.395020
847.037170
850.347717
821.820374
856.781677
853.756836
852.052063
830.794617
844.884399
839.317322
859.683105
841.031799
829.974609
853.744995
839.149719
849.619995
835.250122
849.612549
838.813416
819.463379
866.204712
838.734436
850.768860
848.825623
831.987976
824.801758
842.590637
827.067383
864.721497
818.634949
825.437134
847.171082
836.231140
846.681335
868.271912
838.890076
856.744141
832.675293
836.106262
823.122559
864.206482
873.276367
829.795654
827.736633
847.575134
862.552856
874.775635
850.337158
824.366821
848.210999
866.038147
853.092896
826.692200
849.682495
838.374939
822.339172
865.553223
836.518311
868.147278
834.212830
844.182190
842.117371
840.277954
854.959534
835.053406
830.644531
855.622070
849.737000
812.129333
808.030090
864.213684
821.003479
848.626770
843.168640
858.136597
844.506165
828.382751
848.819092
838.126282
840.817932
824.643616
850.563354
843.965088
857.205383
867.309631
854.963562
863.116638
857.142883
836.287292
863.919922
857.907959
847.244812
832.206604
884.394104
846.077271
841.608887
845.965454
874.319702
847.326721
842.518860
866.488770
864.595703
835.746704
844.820679
835.980042
846.140198
872.946594
837.730652
829.859741
854.000916
856.195801
863.713867
878.286682
832.092834
821.261169
830.711548
870.862732
874.501831
846.731628
829.789795
857.143127
843.155823
883.795776
846.714294
847.422546
836.884460
826.001282
849.139648
829.668213
836.470215
842.971069
847.812378
843.698303
826.022278
849.190002
854.831482
848.305237
829.303589
870.798584
833.732849
861.725769
840.608154
861.707520
851.647156
844.660278
853.695007
840.937317
858.544495
852.359741
841.757202
851.227539
842.535217
837.336975
840.424622
853.361084
862.010986
854.293396
829.951111
821.754150
866.043884
844.395874
840.573608
851.318604
823.469360
859.955566
847.348694
843.297607
833.234619
873.325867
844.534851
833.821655
859.461975
872.541870
857.311523
857.666626
867.019897
839.988770
835.903564
859.880005
837.772644
855.688599
843.354553
865.266724
865.724792
830.710938
863.802979
860.956421
844.665955
824.392639
871.165283
874.548340
847.398560
856.076660
854.646545
853.746582
849.621948
854.041626
846.564514
865.464661
870.550659
844.061462
844.176147
848.380859
869.598816
851.359863
876.299438
847.150940
856.474792
835.443420
851.095947
827.435852
862.120239
849.658936
847.867126
848.880676
823.623474
858.051514
840.822388
867.501404
867.033997
862.110413
856.822327
850.085266
866.792175
859.358154
871.083618
847.164856
823.711670
817.261719
848.835022
832.707947
867.059570
841.368774
834.528564
825.521240
853.857910
871.021851
816.392761
829.607056
857.162292
853.749084
842.253723
836.178528
837.851501
843.388489
834.972107
821.721436
848.123169
852.080505
841.145142
830.706848
865.241943
856.767212
846.709778
834.050354
855.207275
851.739868
842.168945
836.935181
828.027710
818.993042
817.182373
826.520935
857.725830
866.095215
839.606323
846.289612
840.641846
818.738098
855.456970
832.862122
820.262207
863.463440
845.576965
846.342957
879.944885
832.832458
866.655884
848.297852
848.913818
859.520996
841.589600
850.622925
857.800232
859.781921
834.913879
864.217957
852.992310
856.758728
859.162903
843.271362
821.038452
832.748047
813.921387
833.149536
860.121216
817.958496
816.327637
829.917542
861.562317
847.893372
842.441711
885.491638
866.289124
825.470032
833.378662
851.193542
812.596008
855.340820
852.864319
843.616089
847.258911
835.528564
841.131775
855.635498
878.975281
832.296814
855.527527
881.689331
864.159058
841.823853
859.348022
851.648315
877.210815
848.802551
866.534790
857.055115
845.838379
863.843933
869.933472
805.194946
844.231201
860.909668
833.933472
819.955261
835.813904
850.629517
854.882141
842.518616
841.653748
858.794495
854.927490
829.476685
862.663452
836.122986
850.216125
841.899475
842.360535
847.344116
869.949463
838.962463
860.309082
865.560303
828.368835
830.535583
860.721619
870.050964
828.874146
822.439514
872.336792
833.411194
843.507446
885.705200
869.402588
867.568909
844.237122
840.729553
839.422852
825.932190
838.323669
867.857788
882.994080
865.744873
856.058594
862.379089
849.601990
843.443176
877.069153
846.833496
829.630981
841.408752
849.013367
836.306274
850.404480
840.267456
843.057556
861.086121
877.936829
861.184753
846.718567
849.771301
854.295166
864.488770
846.990906
876.846863
831.803284
885.167358
868.832397
857.245850
834.957397
848.130859
841.436096
855.456421
837.395325
882.883850
824.189209
863.632751
832.320129
831.535767
837.837585
845.552856
853.830139
861.801697
850.828186
846.369751
847.692505
869.723022
874.647034
878.114746
836.790466
860.007385
853.189270
854.471924
863.190674
860.127563
853.873962
832.094788
886.878784
874.684326
892.411987
862.970825
854.986694
861.146912
872.845581
875.001587
869.476379
863.000610
863.726440
846.176575
855.058960
848.739746
866.830017
886.712219
854.507690
859.349976
860.013000
844.460327
883.686218
839.841919
857.700073
838.254578
841.712646
845.403809
848.506714
861.714111
839.892212
851.642578
867.143066
840.664490
855.698792
853.843811
858.370667
861.181152
872.608704
846.251953
828.588867
843.889771
856.349548
880.648438
853.748230
864.187317
848.056702
855.547668
852.985291
834.629700
847.951233
859.699707
861.173767
871.275085
862.242554
876.157104
867.263367
870.187866
868.027283
862.313110
852.468323
844.668823
852.544922
867.305908
897.278015
855.977356
842.757263
868.428955
871.203064
859.996887
863.518311
905.120850
822.830017
883.205505
858.479797
870.917786
871.763855
852.111084
874.708191
839.575989
864.930542
823.759583
867.543396
814.049377
843.619263
831.118469
870.733765
837.575623
889.065125
868.302368
860.834534
858.021057
844.919556
865.713989
874.939392
845.218811
880.476257
850.736023
880.613098
893.951599
876.648315
858.451050
870.286316
860.292969
851.570190
845.300720
861.000000
839.497375
872.311096
868.123047
857.394165
818.763855
874.409302
865.932678
882.924683
868.157654
869.268250
856.370605
813.229187
854.975952
877.479431
864.306091
873.224548
859.882629
851.499451
871.928040
884.188232
864.908325
894.300476
880.824585
841.480896
878.244629
845.739319
894.972351
853.344055
876.494812
850.734253
852.849731
876.622742
887.517761
879.241699
866.309631
870.827637
871.335938
889.793518
854.653320
843.733215
886.103760
864.856812
876.286804
852.416321
876.495422
868.583374
851.483887
860.677185
869.256042
905.095581
881.951294
868.331238
884.767822
849.905762
857.003357
861.703369
858.090942
894.550903
892.693604
866.046387
860.637207
891.822632
862.804749
863.467224
878.156128
891.238831
856.669312
900.037537
870.378723
860.547302
895.080994
885.975281
877.214294
879.366394
866.439270
868.928711
874.018127
860.856567
860.636597
872.447693
872.037048
855.143494
876.931763
880.904541
885.419678
877.081970
862.299011
842.737610
907.422913
874.731567
848.280334
874.495605
881.933655
870.549072
870.518921
859.731567
895.300842
893.577515
861.619690
862.035339
871.096619
893.886475
857.899841
912.854309
872.771240
883.580811
898.850281
865.423096
872.687866
866.735291
875.179871
881.602112
871.221191
915.815491
887.246582
863.859070
867.399353
901.299316
882.116699
858.357788
868.540588
845.314636
895.653198
870.616699
875.665283
866.348267
867.061646
863.057861
876.791199
893.822388
864.952576
884.109314
882.688416
884.827942
892.118347
883.856445
881.183472
857.071899
888.278870
855.922424
901.636902
872.090515
890.772949
859.690002
895.383423
893.933411
852.186707
882.736267
897.892517
858.903748
879.927551
844.974060
880.382141
903.972900
869.548401
889.717773
891.739868
870.449951
888.872559
887.558960
902.841492
856.746765
885.611755
889.051025
888.434387
882.456543
871.103149
880.926147
880.208984
879.976746
884.061768
849.242432
893.961487
874.943787
886.293091
866.281982
883.260681
878.813232
845.039917
877.185303
857.954346
891.721680
870.378113
897.784790
884.032166
896.046326
884.052979
880.405762
876.444519
866.772156
857.822083
899.732239
875.131836
887.514282
859.739075
901.723328
903.276489
895.491272
874.494568
852.560608
849.435425
890.212036
889.280701
876.578430
851.525330
893.788818
847.304016
891.557800
874.913147
861.758545
865.134583
879.195496
883.055542
852.709106
875.712402
886.277161
868.840637
884.145447
870.603638
890.750488
877.107910
904.747620
862.350891
864.497314
899.753357
870.622742
886.536743
870.135010
889.672363
896.983276
873.320129
882.015503
868.487305
866.288879
883.410522
845.722473
867.672424
918.619995
897.322388
880.493896
896.697693
891.668396
879.605408
876.254211
858.192444
861.685486
880.816711
855.898193
893.079468
879.998474
895.549744
858.221313
875.574707
862.074341
881.160095
886.985229
884.874268
884.579590
886.200928
849.825623
871.050720
886.684265
883.160889
865.744263
875.086365
859.374939
875.055359
874.548645
851.027405
906.717834
856.091797
858.339600
858.239136
856.529114
865.183472
868.603882
855.763672
880.588562
865.838806
872.647522
867.119507
885.104126
885.435242
870.583618
884.412781
851.642090
876.219177
884.577148
873.443115
906.729126
866.280029
880.581604
878.190491
867.459961
859.370667
880.378418
870.862366
889.868958
877.615417
884.297180
900.187500
847.626404
883.001526
877.263000
875.644592
901.474426
866.396240
850.619873
888.060486
873.293152
858.271851
891.007080
876.122498
871.692810
889.455933
874.513550
866.280823
889.290588
865.096497
905.965576
898.601624
857.454834
889.464539
877.485229
847.557556
903.082397
895.177612
867.987366
885.500977
873.918823
890.136780
865.020569
846.309570
858.745789
854.189697
882.815247
900.397339
896.152954
886.371521
888.653320
907.408630
875.075439
871.834167
884.078369
878.132141
875.120850
895.232056
868.224670
874.302795
878.542297
882.691711
871.649658
901.101746
902.326599
879.390015
860.844849
879.149292
888.050110
871.431641
902.715698
862.210327
866.784729
862.463074
886.244507
897.421875
882.294800
889.912170
865.708984
897.559082
872.740906
877.951904
884.352112
879.825073
872.831604
881.437683
863.390564
860.310486
891.575867
861.773865
888.754639
830.710449
870.579529
873.950562
887.369812
891.095764
874.497070
866.350525
906.793091
858.585754
889.378906
888.190979
882.877136
877.499268
855.075317
859.973999
875.400940
859.223816
889.511963
858.476685
881.101318
875.453552
859.609375
885.211853
889.385864
891.967224
865.472473
886.251831
885.857910
850.331299
849.922058
898.658264
887.088989
856.573425
868.782043
847.937988
888.128418
872.914429
874.901367
862.369080
873.186646
871.956116
858.372070
897.829041
869.693054
843.477173
877.372437
852.829773
875.104187
885.605896
883.630371
873.112122
875.694702
862.427185
895.543274
876.040222
870.814270
866.846741
837.388672
866.188477
885.552063
888.467896
872.268494
903.140015
836.028687
883.390930
879.711792
863.820374
881.638245
894.980957
869.163269
871.393555
859.046448
864.470337
882.088318
865.873413
870.062012
866.132080
889.213867
854.581848
896.179504
868.367310
877.840881
883.589783
914.813232
850.215576
860.208496
890.539856
872.593689
863.644409
871.264832
892.139404
885.386108
871.639099
875.874939
888.522827
872.752869
888.227661
867.299561
857.142883
892.804443
872.071655
873.349854
878.553223
874.570007
865.684875
888.950867
853.487183
909.933716
884.958801
884.104248
871.406006
874.910828
858.009033
884.836487
864.881165
866.037170
886.730469
908.716797
866.408752
890.719727
879.459351
863.719971
903.469788
882.439148
853.548279
879.541016
881.222717
874.427490
914.263489
897.450012
867.664001
884.279114
892.477234
905.099731
866.991272
892.250427
878.552612
901.637268
889.109558
876.313232
893.063599
897.881042
906.616333
904.311890
893.323486
912.170593
880.772400
862.786255
910.861755
909.573914
867.947571
893.806763
868.529907
885.784912
866.309631
870.827637
871.335938
889.793518
854.653320
843.733215
886.103760
864.856812
876.286804
852.416321
876.495422
868.583374
851.483887
860.677185
869.256042
905.095581
881.951294
868.331238
884.767822
849.905762
857.003357
861.703369
858.090942
894.550903
892.693604
866.046387
860.637207
891.822632
862.804749
863.467224
878.156128
891.238831
856.669312
900.037537
870.378723
860.547302
895.080994
885.975281
877.214294
879.366394
866.439270
868.928711
874.018127
860.856567
860.636597
872.447693
872.037048
855.143494
876.931763
880.904541
885.419678
877.081970
862.299011
842.737610
907.422913
874.731567
848.280334
874.495605
881.933655
870.549072
870.518921
859.731567
895.300842
893.577515
861.619690
862.035339
871.096619
893.886475
857.899841
912.854309
872.771240
883.580811
898.850281
865.423096
872.687866
866.735291
875.179871
881.602112
871.221191
915.815491
887.246582
863.859070
867.399353
901.299316
882.116699
858.357788
868.540588
845.314636
895.653198
870.616699
875.665283
866.348267
867.061646
863.057861
876.791199
893.822388
864.952576
884.109314
882.688416
884.827942
892.118347
883.856445
881.183472
857.071899
888.278870
855.922424
901.636902
872.090515
890.772949
863.719971
903.469788
882.439148
853.548279
879.541016
881.222717
874.427490
914.263489
897.450012
867.664001
870.449951
888.872559
887.558960
902.841492
856.746765
885.611755
889.051025
888.434387
882.456543
871.103149
880.926147
880.208984
879.976746
884.061768
849.242432
893.961487
874.943787
886.293091
866.281982
883.260681
878.813232
845.039917
877.185303
857.954346
891.721680
870.378113
897.784790
884.032166
896.046326
884.052979
880.405762
876.444519
866.772156
857.822083
899.732239
875.131836
887.514282
859.739075
901.723328
903.276489
895.491272
874.494568
852.560608
849.435425
890.212036
889.280701
876.578430
851.525330
893.788818
847.304016
891.557800
874.913147
861.758545
865.134583
879.195496
883.055542
852.709106
875.712402
886.277161
868.840637
884.145447
870.603638
890.750488
877.107910
904.747620
862.350891
864.497314
899.753357
870.622742
886.536743
870.135010
889.672363
896.983276
873.320129
882.015503
868.487305
866.288879
883.410522
845.722473
867.672424
918.619995
897.322388
880.493896
896.697693
891.668396
879.605408
876.254211
858.192444
861.685486
880.816711
855.898193
893.079468
879.998474
895.549744
858.221313
875.574707
862.074341
881.160095
886.985229
884.874268
884.579590
886.200928
849.825623
871.050720
886.684265
883.160889
865.744263
875.086365
859.374939
875.055359
874.548645
851.027405
906.717834
856.091797
858.339600
858.239136
856.529114
865.183472
868.603882
855.763672
880.588562
865.838806
872.647522
867.119507
885.104126
885.435242
870.583618
884.412781
851.642090
876.219177
884.577148
873.443115
906.729126
866.280029
880.581604
878.190491
867.459961
859.370667
880.378418
870.862366
889.868958
877.615417
884.297180
900.187500
847.626404
883.001526
877.263000
875.644592
901.474426
866.396240
850.619873
888.060486
873.293152
858.271851
891.007080
876.122498
871.692810
889.455933
874.513550
866.280823
889.290588
865.096497
905.965576
898.601624
857.454834
889.464539
877.485229
847.557556
903.082397
895.177612
867.987366
885.500977
873.918823
890.136780
865.020569
846.309570
858.745789
854.189697
882.815247
900.397339
896.152954
886.371521
888.653320
907.408630
875.075439
871.834167
884.078369
878.132141
875.120850
895.232056
868.224670
874.302795
878.542297
882.691711
871.649658
901.101746
902.326599
879.390015
860.844849
879.149292
888.050110
871.431641
902.715698
862.210327
866.784729
862.463074
886.244507
897.421875
882.294800
889.912170
865.708984
897.559082
872.740906
877.951904
884.352112
879.825073
872.831604
881.437683
863.390564
860.310486
891.575867
861.773865
888.754639
830.710449
870.579529
873.950562
887.369812
891.095764
874.497070
866.350525
906.793091
858.585754
889.378906
888.190979
882.877136
877.499268
855.075317
859.973999
875.400940
859.223816
889.511963
858.476685
881.101318
875.453552
859.609375
885.211853
889.385864
891.967224
865.472473
886.251831
885.857910
850.331299
849.922058
898.658264
887.088989
856.573425
868.782043
847.937988
888.128418
872.914429
874.901367
862.369080
873.186646
871.956116
858.372070
897.829041
869.693054
843.477173
877.372437
852.829773
875.104187
885.605896
883.630371
873.112122
875.694702
862.427185
895.543274
876.040222
870.814270
866.846741
837.388672
866.188477
885.552063
888.467896
872.268494
863.719971
903.469788
882.439148
853.548279
879.541016
881.222717
874.427490
914.263489
897.450012
867.664001
882.088318
865.873413
870.062012
866.132080
889.213867
854.581848
896.179504
868.367310
877.840881
883.589783
914.813232
850.215576
860.208496
890.539856
872.593689
863.644409
871.264832
892.139404
885.386108
871.639099
875.874939
863.719971
903.469788
882.439148
853.548279
879.541016
863.719971
903.469788
882.439148
853.548279
879.541016
881.222717
874.427490
914.263489
897.450012
867.664001
884.958801
884.104248
871.406006
874.910828
858.009033
884.836487
864.881165
866.037170
886.730469
908.716797
866.408752
890.719727
879.459351
863.719971
903.469788
882.439148
853.548279
879.541016
881.222717
874.427490
914.263489
897.450012
867.664001
884.279114
892.477234
905.099731
866.991272
892.250427
878.552612
901.637268
889.109558
876.313232
893.063599
897.881042
906.616333
904.311890
893.323486
912.170593
880.772400
862.786255
910.861755
909.573914
867.947571
893.806763
863.719971
903.469788
882.439148
853.548279
879.541016
881.222717
