574.874573
560.770325
562.331055
567.904358
560.865845
562.074341
578.387146
584.194397
570.813110
576.889893
566.321167
578.719116
586.080505
592.172119
573.798584
575.489258
590.167358
578.851318
559.728943
564.309875
598.945557
584.315125
544.166931
557.960266
591.825317
599.776917
562.008118
608.910645
576.038757
577.435181
553.849426
590.588745
574.158569
570.204529
601.270386
542.340210
565.450562
574.395264
561.580505
569.760498
558.238281
547.226318
581.791016
559.936584
608.640259
595.879395
620.743835
574.184387
581.243896
574.017517
586.081543
598.954041
580.813354
607.912964
592.239319
579.571045
611.578308
590.446777
599.872925
578.464722
556.151306
579.166626
603.826599
588.957947
585.656311
561.013855
582.882629
600.870483
588.808655
591.006714
587.520325
587.930115
593.078613
579.263672
574.211060
570.351929
603.252258
588.419312
586.089478
579.511597
580.954529
599.372620
599.651306
599.931702
612.005676
614.107117
578.811096
551.409241
590.351929
572.147339
581.693054
584.000732
593.516785
580.211365
585.658875
582.862183
585.685608
596.293396
572.318359
606.635437
586.858765
597.966248
543.291870
550.175110
568.955261
601.551025
577.799500
600.268921
579.578003
594.139160
577.544983
589.990784
587.845093
569.312256
587.630676
600.128845
574.183350
616.989075
591.651672
591.249756
604.759888
602.111145
610.715393
586.680969
608.326599
619.629272
598.455078
590.017334
591.538635
580.602783
605.029236
597.503357
609.196045
580.281189
567.096985
596.399719
601.776245
589.570679
607.599976
574.901245
587.189575
571.101746
623.593384
570.254333
585.010498
582.432495
584.255493
572.827332
587.563354
584.653503
588.398621
593.832947
567.862915
581.588745
592.981750
586.377991
586.082886
622.338257
598.772522
583.770508
585.910217
605.288147
595.201477
616.500488
578.801025
632.398804
602.745361
593.761536
577.254944
592.109070
601.041931
625.760742
597.669861
629.381653
603.346863
605.626404
602.171082
596.495178
579.153442
595.145630
539.674683
589.873413
592.610840
595.975281
599.057800
611.502686
589.868835
571.376831
603.915894
628.250122
610.654236
608.094360
562.063477
581.236450
599.402588
616.122498
600.934082
590.997864
600.085999
563.887390
557.802856
572.744995
573.923157
583.384033
607.589966
582.728394
609.612488
598.803650
605.661621
604.744568
597.461792
593.248474
601.506714
605.996704
626.834229
584.463196
602.428772
611.844360
606.287048
614.191040
602.342590
608.486877
641.338074
602.594727
596.671082
619.635254
583.578308
590.953979
618.236511
589.926941
597.993896
581.085938
595.721313
564.419983
568.041260
602.961548
614.201050
598.039368
613.841248
590.692810
598.335999
584.010559
604.075439
583.566895
593.192017
587.957581
631.678650
607.600098
592.313110
620.984985
594.769836
605.698364
635.964966
610.469604
636.244873
624.977783
592.552429
606.436096
608.651184
616.078857
615.430359
618.737610
618.887817
604.989441
577.588013
606.857361
577.946167
610.967285
607.495972
618.739136
585.264404
589.565430
610.350647
602.863770
604.362366
618.992432
589.822876
608.227417
602.111694
599.469421
595.398193
614.053650
605.699036
592.466248
601.805786
624.713257
605.494202
594.166809
586.432678
614.904358
589.701355
618.858643
587.713196
569.833984
602.061523
609.890015
617.996155
600.442566
623.660645
585.809753
589.043213
620.844849
594.633850
617.029968
593.066040
615.026428
602.978027
591.937683
627.129700
597.178528
605.063843
625.055664
570.494568
574.341675
571.387390
596.511475
604.316284
628.159851
598.551514
633.442627
583.790161
603.675964
599.856018
627.412720
629.173279
610.548950
619.825256
582.640686
606.466309
600.881836
596.879456
592.364807
573.070557
621.462036
616.539429
603.140442
619.074646
620.289185
622.190552
599.203308
624.273254
597.165344
614.362366
605.974365
633.085144
619.881714
616.488953
603.376221
607.439514
605.530518
620.081787
640.474365
619.851746
598.700623
607.732422
595.116699
606.661682
627.760071
622.253540
619.414062
623.549194
597.314148
640.433105
610.559753
617.405701
627.038879
622.243835
669.992249
635.121216
642.225525
615.142456
622.727844
621.695007
612.939148
622.278992
630.517761
609.217163
631.937927
580.121521
631.170776
616.008423
630.136230
607.187927
605.626587
646.430054
620.755981
636.517883
612.070129
636.216248
619.350098
628.037476
621.491882
631.896973
630.075317
623.406128
622.589111
636.245972
616.890137
651.083801
648.409546
631.198730
637.022156
639.499329
626.338806
628.917297
624.593994
623.604309
610.122864
656.102112
603.692810
623.364807
619.830688
630.587708
628.518860
631.304749
624.315430
633.338562
642.460083
628.739990
624.036194
615.925049
633.428528
634.883179
621.585632
619.166321
632.178772
639.390137
650.015869
638.984314
643.388428
624.492004
657.538696
635.425781
615.732361
665.784668
659.173706
621.938904
648.466125
626.129700
603.513672
651.891113
661.131531
646.868408
647.250244
658.107056
666.412415
626.510986
629.606445
644.769348
647.428955
637.013306
653.841187
631.539673
641.437622
664.081665
648.057373
646.192810
639.232178
659.451904
634.543030
629.750305
633.488525
648.005249
614.872437
631.170654
635.360168
650.369568
638.030396
632.469421
658.004822
634.710510
642.624817
634.578308
643.067078
655.391113
647.837036
643.046692
619.044983
639.664795
643.749573
624.251221
639.095886
627.213013
655.180725
638.773804
682.282532
647.767517
666.699707
648.332153
650.681274
629.672546
666.708008
658.482666
652.796021
657.231445
659.859558
629.670471
636.379517
641.347046
636.819763
654.708435
646.330872
654.263916
651.994019
653.066101
653.545288
640.875610
654.634033
636.610535
666.471497
615.491272
657.863220
642.025757
667.197815
637.599731
670.234802
626.875610
648.555847
652.154785
628.349670
652.670105
651.816223
665.503052
650.685730
673.201111
637.220093
636.403503
663.631958
657.376587
667.391785
664.463806
669.133118
700.120972
667.195923
659.295898
660.652710
668.552185
640.890564
612.604980
667.710266
664.594849
622.633606
664.558411
641.773560
644.298340
651.262756
605.337585
655.422974
669.681580
652.335205
636.624268
633.557922
656.683105
655.799683
642.185303
629.422241
647.595276
655.037781
649.130432
669.302063
664.599426
663.017883
644.656372
632.795715
641.245483
635.629700
621.026245
625.100769
612.653320
633.304749
641.459473
625.504028
657.354004
642.701416
659.052124
659.310181
640.126587
647.730774
648.147705
621.226990
653.562195
682.457886
665.364258
670.646240
682.964050
664.727478
648.876099
660.089478
651.557434
666.525208
650.466919
654.856323
670.999756
657.340515
679.188110
656.196716
646.522339
675.617615
662.374695
649.191162
647.248352
659.400024
654.925964
642.151428
646.254883
668.223267
643.784912
645.023804
687.257751
651.489136
670.969116
672.898804
626.577026
636.850586
626.482117
663.641418
659.701172
667.652710
671.860779
642.216309
637.590637
646.727539
677.849915
662.937500
677.727417
663.583984
676.994507
677.696899
668.521790
674.205566
639.372375
658.316650
653.747620
655.546021
667.596191
647.789917
644.226990
640.333191
654.024109
650.774963
664.710632
633.329224
661.450500
659.425720
652.290039
666.906555
645.876709
674.266724
656.986755
692.074219
651.162781
666.844055
640.241455
654.734375
624.987610
643.377930
658.884033
638.954346
677.786133
647.729187
672.314087
669.622925
651.187012
676.507141
676.532410
672.555847
686.693542
685.064087
670.351074
668.567749
680.852783
671.750671
663.206238
667.132019
656.084778
646.442383
649.260986
658.037720
666.941528
655.194885
655.332581
644.388306
660.234802
650.334473
649.707153
651.444397
675.698853
621.049927
630.774719
683.415710
653.178772
659.594666
682.496216
670.078369
657.966370
652.313538
687.863037
670.432678
635.824219
654.858398
651.004517
653.235962
671.469666
631.442139
661.914185
660.134399
658.451660
634.109863
668.243835
657.486877
632.968567
657.082581
651.803528
633.936157
640.368591
665.939819
654.724792
684.638000
668.265625
648.785828
632.388672
644.040466
684.755188
659.113403
660.374695
644.740967
663.979370
655.574951
658.216553
648.584106
651.875854
634.211609
656.925842
672.107178
628.851746
669.266907
646.774231
682.409424
684.475769
679.801208
656.181335
657.053833
641.312317
689.622986
646.664978
677.264282
671.070435
660.674194
665.855591
635.779053
684.223816
648.592468
678.405334
629.028259
656.097595
673.746948
696.190247
662.793640
637.107361
655.368103
676.000061
662.705261
638.204712
673.688416
657.779968
682.223450
636.682556
675.196899
676.306396
673.860779
673.180603
670.394287
652.735168
664.381775
659.410339
669.304810
657.880432
679.141724
677.976135
642.174561
678.348022
646.700623
659.815186
667.646912
617.028625
680.406006
648.122375
658.544739
660.392334
674.612976
655.868774
673.582458
633.198181
646.569946
671.514099
646.572205
678.023132
648.511047
672.386169
657.635925
690.724670
660.265686
656.341187
664.425049
648.110046
671.799255
655.658997
639.635193
653.538574
685.450317
651.789429
673.895386
682.090698
673.143127
645.114319
667.421265
680.018677
656.147949
654.740906
641.195251
644.021423
662.993896
656.781433
664.084534
684.504150
661.957642
656.632935
659.153992
653.676392
655.827026
656.976257
665.826355
648.942322
671.888855
682.600464
675.995544
662.804443
683.004456
660.123474
682.372864
657.520874
662.129456
677.891785
655.594177
639.016907
672.386292
689.380859
642.335693
653.290466
659.240234
691.388245
652.685913
661.787048
677.967407
657.043762
640.022583
658.866089
673.273987
674.688110
670.023804
628.929016
681.824890
680.109558
658.761597
676.776733
666.301453
645.829529
655.565918
675.630249
661.790649
673.049988
671.406433
657.165649
653.025635
674.275391
654.928040
683.473022
645.791321
663.271484
687.059753
666.858337
665.004272
666.861938
678.062134
680.856873
680.344849
676.603516
664.387146
658.996216
659.703979
642.882996
657.792419
662.727905
678.614258
665.571716
651.555359
699.496521
683.479492
681.235779
666.993408
686.503113
669.721191
663.419800
680.269653
649.554688
697.302246
678.465820
671.807739
657.374695
656.225281
665.685181
665.004150
672.527283
665.372742
691.354736
671.368774
655.750916
643.980408
639.304443
655.590942
667.049011
665.601807
656.643066
662.090088
675.158142
665.637085
669.663147
678.052063
657.625061
665.498840
655.915894
670.194092
663.011719
645.191284
680.430603
656.434021
651.780457
675.977112
663.489563
669.165466
670.133057
659.902039
688.774841
670.290466
672.873291
654.769287
672.292419
657.604004
670.551575
668.878601
665.500305
646.377014
648.052856
641.996582
679.998535
674.953186
657.837524
685.581482
649.607971
652.333374
657.583801
683.989868
677.658508
696.984924
675.714233
671.295654
670.758057
693.612488
691.691650
657.960205
640.445129
659.820618
668.114746
652.403442
660.940063
655.264954
646.339600
661.225342
665.039124
676.237854
687.418518
678.117065
676.159851
659.505737
660.023315
674.559387
700.638916
660.636108
644.751099
694.485107
657.916992
665.187134
683.269348
658.737427
645.769165
675.768677
672.574524
656.862549
662.236816
662.603455
683.970276
674.008972
684.046814
656.369507
681.438965
675.800354
677.887146
661.954285
673.020874
670.540894
687.772705
671.910828
653.105652
652.006409
684.208557
649.734680
651.620728
665.759521
687.910034
672.265564
665.254456
655.026428
660.808533
673.153320
665.440735
661.924927
679.561829
656.589905
663.734985
670.737305
685.909180
671.655457
679.918274
657.764893
680.856445
648.396057
686.771423
659.482056
680.996826
670.512756
669.478455
652.657410
656.181274
685.525024
694.823486
691.496155
686.195251
682.250488
673.193054
666.745361
674.210938
693.476807
635.170654
661.198853
658.940796
665.629456
665.553406
654.114136
688.822144
699.045227
666.925659
693.022644
687.269531
688.772339
678.250977
688.970886
663.061218
675.745422
699.481506
679.420105
672.410461
666.997253
667.866577
675.184204
667.630249
648.216553
662.354614
678.892822
654.487549
662.190613
688.949463
692.779053
651.241821
682.648254
680.151489
673.676758
687.501648
657.573975
674.341431
682.276550
654.252686
665.329285
649.832031
649.085571
659.942688
716.441772
692.903931
695.672302
646.981567
658.895996
650.473633
673.579712
675.687439
662.180420
678.760681
666.779419
667.246948
666.041809
668.544983
673.620850
666.375916
694.163147
667.873108
673.005859
672.918213
643.722168
648.246826
685.578552
650.229492
667.992493
666.615540
682.255066
662.058777
661.466980
637.846069
660.608276
715.294373
660.047058
692.837280
674.310730
647.549683
672.048218
689.956055
651.157410
652.733643
649.662292
668.368530
659.357910
680.715271
689.931763
675.101135
661.110535
685.484741
678.140503
687.492920
665.968750
678.881165
663.990967
639.101318
673.858215
703.161011
685.496216
682.549438
653.622742
665.959412
674.452942
683.742493
675.928528
676.742065
654.740479
704.550354
673.945007
681.003845
671.523132
654.934143
688.223083
658.276672
646.264771
678.797546
668.594849
680.981567
661.439331
649.089355
687.801086
696.362732
662.923035
673.544373
683.770630
651.290344
675.491516
682.197937
679.841736
695.104675
676.965515
670.096191
674.374512
677.000793
677.169006
684.050293
669.692017
692.265747
678.364990
684.644409
659.578674
670.806091
683.212891
696.568298
662.484192
665.480896
668.920227
660.678772
678.496643
653.497314
675.628052
677.435791
666.643921
684.948669
664.776367
697.443848
682.635376
656.997620
666.539246
662.945129
658.297180
669.089905
671.628418
679.319824
653.665710
684.813721
700.636963
672.327698
642.298950
688.821533
693.862427
674.426575
688.370239
697.266113
691.351135
696.557312
668.838928
684.890320
678.800598
676.768311
715.919312
670.322632
694.954102
669.874207
691.484009
688.683167
683.531006
666.022583
698.175232
659.046509
670.041992
677.139221
699.459351
690.667175
664.479797
675.611389
682.547180
660.369934
651.119202
679.879395
685.874084
690.042236
652.782227
704.761108
676.653992
662.645203
687.274414
653.562439
686.016052
661.695251
684.742920
672.996033
649.188660
692.092590
688.642334
665.683777
685.852783
672.122803
685.946533
688.192017
696.389954
668.306335
684.441956
690.489685
714.886536
660.438477
656.326660
663.298401
643.699341
674.092834
676.664307
686.277832
688.690918
684.079529
675.126221
698.627258
645.555969
679.539612
694.655884
695.694275
674.989807
659.945007
681.554993
674.227661
679.185547
684.554565
677.101990
656.811035
694.640869
658.258728
657.660828
650.606323
698.733643
692.369141
677.433411
670.731018
674.302429
690.223022
666.335999
700.465759
677.465271
661.913757
659.735107
685.613403
654.529297
651.507080
668.568176
674.416992
659.789795
655.666870
660.018799
664.790527
667.761475
665.556702
663.334045
682.436951
704.396667
703.477478
681.636841
651.579285
681.448730
699.337097
665.918884
665.298706
691.872925
665.832886
701.959900
675.772827
676.915833
684.250732
672.188721
688.091125
664.743042
666.876709
695.069397
708.013855
687.134277
678.280884
698.566345
676.693848
691.957275
652.877258
704.522522
698.006165
716.174866
691.163208
654.849915
660.388733
660.364563
689.141113
682.563904
655.789673
689.557373
680.564331
674.008911
649.622498
649.077087
681.854675
665.216675
682.166077
677.806030
669.665161
687.475891
718.965515
656.404480
672.393127
669.233093
702.250244
663.172607
678.565063
657.630066
675.658691
691.041138
685.430298
683.306641
672.521606
677.752380
668.484253
658.181091
667.816284
696.095764
674.615417
678.120422
673.815308
681.626282
687.641602
678.182556
690.159546
668.006714
683.783325
696.098572
686.298035
696.780212
681.990845
698.273682
699.602539
669.094055
705.826294
690.742676
698.579163
670.818359
674.947388
685.567261
649.980774
647.965088
676.286926
653.714478
676.872314
702.769226
663.699341
656.030396
666.113098
692.044800
658.153870
685.799133
668.188782
708.326660
672.762939
657.820312
673.122986
689.468262
672.371277
671.363770
685.487671
683.380127
700.571533
680.268005
666.370361
679.800110
712.748718
661.058960
663.646301
669.574463
676.707092
680.189636
663.932129
673.752258
679.487244
676.542542
686.637451
673.860657
676.612854
693.244995
683.872314
679.351074
669.336548
686.374451
671.270630
683.200623
684.101135
659.061279
661.590027
659.944458
694.959961
700.129028
677.377930
660.305481
682.022400
677.909729
668.937317
666.643799
676.168579
665.552979
663.863708
693.462646
667.485352
689.053955
683.733521
662.852539
669.244446
664.626770
669.411438
708.867065
673.703613
669.869568
695.373779
658.343750
685.520020
651.978760
643.727966
671.870300
688.159241
660.267151
689.335022
664.043030
702.698608
697.987000
673.181396
663.449341
700.491699
684.257690
667.128113
672.293701
690.714050
691.450867
721.741577
678.855103
700.455200
684.579468
656.526062
689.162903
665.377625
695.408142
675.249084
701.390747
688.171570
663.629517
668.073303
658.091187
680.041016
694.572266
702.904724
706.049500
702.540039
680.462036
662.362183
676.207275
682.334717
711.966309
671.260193
703.721619
681.207825
676.588806
691.592346
696.571594
703.309387
691.035034
685.785339
669.909241
671.530762
691.878601
683.932068
686.853577
702.152344
685.623108
697.468994
685.457825
670.648438
697.524902
674.810364
686.831360
680.552917
676.947693
687.749756
678.514893
671.903076
725.745056
691.195312
672.564514
671.268982
704.138245
673.351685
673.137268
674.618103
677.990234
686.211487
705.314697
688.938660
720.966370
699.353455
708.183411
654.200134
708.907959
677.644653
681.301880
698.788818
695.137451
680.711609
706.823914
697.391235
712.834778
675.052063
695.237915
723.085205
691.288513
680.898254
654.388184
679.955261
719.138306
695.489197
696.747437
674.484802
683.787415
688.514099
708.518738
689.888428
678.485962
654.993164
681.044067
697.231567
715.285583
704.492737
672.131104
668.962280
702.328003
679.032410
697.533752
699.383362
676.047485
692.231995
685.965576
661.985352
683.981018
686.751282
685.329163
687.378723
701.744141
671.517334
700.060974
689.619141
688.689514
687.768188
685.557800
675.174500
675.942566
689.452698
693.433472
687.520508
665.697205
705.296082
682.808655
708.798706
708.884033
668.876404
707.333984
706.705139
708.853882
699.495361
675.482605
694.150452
676.745972
698.550232
687.167480
680.011780
684.037354
663.974915
699.041260
717.735352
684.327087
685.392090
683.942383
681.454102
690.349304
676.964600
710.301025
704.286072
714.368347
693.803833
690.573914
704.931396
687.435181
723.238525
686.980164
690.675903
685.326416
709.078796
702.543152
701.123596
696.890442
711.581787
691.465576
659.902283
682.182922
694.881714
685.502625
710.504517
695.568176
706.940613
690.729187
677.332275
669.997192
667.404541
665.735779
667.936951
680.409912
705.419373
689.513916
699.799805
681.546631
679.942444
679.960266
689.299561
685.182800
667.819580
672.843933
696.824036
678.466675
706.516785
690.472717
686.213806
675.870789
689.073792
684.744812
695.092468
686.340332
708.386353
706.440735
689.898682
700.737732
681.260559
691.087158
674.341309
691.079163
693.170532
663.644653
680.465088
715.635071
680.721313
709.229187
686.908630
697.304077
689.077637
703.381165
675.198914
692.191833
677.288940
662.168762
678.873535
671.598206
673.033142
681.392029
679.623169
684.491272
692.522400
681.943542
683.916748
684.751526
674.790649
683.031982
678.082703
679.764038
682.441528
687.560181
714.633911
705.332275
694.550903
709.079834
684.589722
708.943420
683.137695
677.785278
682.337646
678.015381
657.709778
672.082825
678.085327
698.779114
713.718567
709.899719
706.351379
702.243530
696.229431
709.836426
723.508240
698.252747
686.671509
712.143494
696.010925
744.255615
696.768799
725.934204
694.878296
706.556030
716.766357
709.528198
696.192200
686.754761
706.494507
700.247559
702.025757
709.843079
700.401978
697.779175
693.579895
691.640198
717.868103
680.994385
708.088318
678.486145
700.245239
707.462952
680.807068
693.553711
683.628784
695.586914
697.972961
695.032654
687.547852
702.685669
703.122498
699.980469
695.433655
699.464478
689.973816
708.167419
720.773132
703.987976
697.662842
702.045166
703.662781
706.482056
704.039490
715.553833
701.813904
665.906677
665.014282
684.619995
706.353210
705.051331
672.941040
704.163635
699.650513
664.275269
658.403015
702.931824
668.437378
689.988892
686.328125
688.564392
697.372253
704.828064
727.434937
685.324158
700.183350
693.147888
699.055359
677.683777
701.000183
689.799622
680.460754
683.916748
692.720520
697.479980
701.457703
691.659729
684.647949
679.430359
686.870300
697.007812
669.049866
709.548889
698.900635
704.923889
725.145874
699.844299
702.335876
711.695740
704.170593
669.330627
719.223267
691.421509
682.180786
686.543945
673.129333
691.995789
683.150818
675.988770
684.836365
700.018738
699.695740
683.854919
700.004578
685.962585
686.258850
709.403809
689.328125
688.880615
691.290466
716.550781
704.413452
703.374878
710.190186
699.104126
698.221191
690.642273
698.615173
711.739990
705.737061
698.296692
682.713257
688.709167
697.782898
719.247864
680.145752
694.597595
698.029785
715.324219
717.367615
698.342773
693.810059
677.565247
710.460632
704.958069
703.336121
707.023071
706.685669
698.364563
691.668579
689.557556
717.630615
701.570740
705.700500
689.690491
689.754700
698.156799
692.835022
682.870056
699.903381
678.837708
684.200989
710.285339
705.928101
680.648132
703.340515
677.612427
701.277893
709.039795
702.950806
724.345154
666.631409
680.979065
692.880310
687.510193
714.758972
706.393860
684.837830
704.923096
717.616882
684.344299
698.112976
688.372986
679.048279
727.405701
699.885193
698.726624
718.388733
694.716614
701.592651
718.618286
693.612854
677.773987
718.841919
685.424561
687.955261
702.697388
719.411560
692.995605
705.283142
692.701172
704.240784
695.070923
678.269836
696.421387
700.009583
688.757935
701.702637
730.038452
708.552307
703.990662
696.727356
704.641052
691.533081
702.113098
715.344727
727.294678
708.336304
689.145874
679.624878
699.584167
710.210449
709.199524
686.572937
709.726379
693.105896
667.505127
714.088257
708.218201
690.354309
696.670471
709.429260
687.552979
701.522888
691.304871
703.334778
685.263611
701.430176
679.054688
692.894470
717.222839
705.731018
727.538879
708.306213
707.338623
709.467285
695.192566
687.673889
707.691162
714.127686
689.712402
692.062073
709.505310
685.158752
684.594055
698.108643
701.358276
712.880676
697.351196
699.550659
677.988953
681.623047
706.470215
693.640930
707.817139
684.495300
690.695251
702.518921
700.880920
703.618103
699.401245
704.368652
672.189941
740.275513
708.541260
692.235352
691.854797
676.755493
731.421936
715.614990
741.807617
684.737915
705.036743
683.509644
705.466003
721.043579
700.683350
683.890442
712.586853
692.832336
693.273071
698.691101
730.904541
692.491882
673.017334
720.765930
695.872925
706.285156
698.169373
713.020630
710.665283
687.160217
703.715210
681.797119
695.999634
705.733276
712.816406
711.564514
670.262878
701.094482
694.594666
687.492615
699.190247
678.813354
697.366516
701.322205
687.805542
697.900879
698.974182
704.966003
711.017944
676.044922
673.064819
717.150146
685.800354
695.098572
707.437439
669.357788
711.218079
702.379517
689.400818
713.613403
692.088806
668.206055
706.046509
701.459106
699.843750
684.666260
692.771362
712.606812
691.516907
697.904297
725.653320
704.464783
693.548279
716.902954
683.416809
698.404663
697.828613
667.692017
729.584290
712.080811
671.062500
680.831421
729.923523
700.867004
706.648987
715.758850
686.269775
714.919983
702.467957
726.210632
680.472961
691.541443
720.695007
722.483276
699.315979
699.441101
710.336548
704.426025
707.320618
701.898132
702.547119
706.680847
715.244263
703.635803
698.859314
679.461853
713.188293
689.385315
696.577881
673.667114
722.868958
699.573669
693.072815
697.059204
714.490906
685.022949
704.320068
690.513611
710.335266
717.744934
682.453796
713.759644
700.891174
686.816406
714.863037
729.070435
700.211609
712.857239
675.959534
711.645630
713.432007
696.426758
689.741882
687.352783
716.586853
708.284851
712.155090
701.937134
681.795288
738.090515
690.681702
716.277466
691.246338
689.803101
709.918518
710.777649
712.755432
698.887512
702.076965
721.307373
693.473877
721.177185
698.500122
712.867065
688.192139
681.217896
708.170349
727.550232
689.068787
694.064392
724.331482
710.872070
708.751282
690.731201
721.787292
721.628540
704.557617
730.585266
713.951233
727.189758
692.863647
710.440979
724.888916
706.414062
687.093140
719.635620
733.675476
700.756653
692.792969
715.194763
690.309143
705.250793
709.632080
732.388916
705.761292
703.404419
702.511841
723.214294
697.533691
717.510559
682.632080
673.943176
693.395752
685.677673
709.914062
711.700134
730.338379
703.276184
685.437805
693.127258
677.168457
739.199097
706.739502
705.201904
678.768982
703.825317
696.180786
718.227539
720.811340
718.884521
712.829529
700.854614
689.307739
703.303772
700.989502
696.663757
719.001160
717.633911
718.006836
710.660583
712.944336
715.454285
704.049744
697.916870
686.148682
743.897461
702.645142
677.684998
702.503906
694.449524
706.859863
692.848877
705.090149
682.542847
718.208679
667.855896
697.408936
710.257080
706.726501
690.797241
719.742310
694.968811
701.443542
679.417358
707.183350
710.594360
724.078796
713.161194
694.810425
726.866699
705.847351
707.158936
693.763550
700.533752
697.995972
679.030762
687.049438
675.032532
723.455017
710.697998
714.754333
697.258850
718.648071
700.377014
711.321960
688.341309
688.179504
716.671692
712.677124
712.477722
692.107910
692.130371
705.556030
714.432251
712.156799
708.369080
706.011108
694.750061
722.347351
681.776001
688.763428
711.605835
707.615784
704.779602
688.547119
696.576233
684.287659
703.533081
723.577148
700.577576
704.692383
680.486511
703.359985
674.003540
688.234802
703.662537
698.994995
689.776062
688.817444
693.101868
689.493958
719.714905
703.478821
696.499512
683.611206
717.723572
712.296875
690.956665
703.275330
696.337952
700.466919
716.789734
701.055603
685.126099
706.116150
701.245056
688.653381
717.704163
686.699158
697.306580
712.382019
700.155090
710.207031
696.885742
725.426086
702.601440
680.381409
707.879883
684.321411
682.280701
683.584045
718.005859
677.523071
707.260132
701.427795
702.845703
713.551819
695.601135
699.225464
708.371521
706.999939
696.406799
679.290771
697.908875
711.538391
700.065857
708.072754
718.170044
690.712219
697.557495
702.237976
709.192871
676.025879
670.324524
702.652161
715.406982
716.075806
716.535828
703.198181
728.274841
690.442383
701.973694
718.555725
707.406250
712.173950
717.030090
704.128174
702.970947
699.780701
710.484070
726.653320
693.571655
708.000183
714.365234
691.229309
705.467346
695.674683
706.595337
701.405151
701.958374
687.421143
732.399597
715.582214
713.857483
687.402649
681.456482
703.583984
688.440674
698.776184
720.988281
701.102783
704.446167
691.083557
708.488647
726.638489
705.473267
689.489746
701.148254
687.681213
730.619812
711.530151
702.344482
697.446411
692.410950
711.015381
703.118286
677.018555
713.298462
696.516785
695.004456
702.839844
718.953491
692.848938
725.566833
714.767090
710.431152
709.213318
707.789429
714.587952
695.051575
705.443542
697.348511
703.459045
707.903503
686.911560
723.416504
726.035339
710.478516
714.989990
692.555786
708.622131
716.041321
711.576294
680.556335
702.910095
709.111023
740.248962
704.701477
695.625854
717.490051
705.648193
688.948059
743.389893
706.785278
694.343018
711.453552
725.816833
694.641418
699.480347
709.231812
695.122253
717.160828
712.883057
744.401550
696.292908
723.555298
696.756226
731.412354
706.068726
716.306763
717.845337
720.130066
727.704346
726.098511
731.068359
717.101318
710.232483
715.789551
711.998230
704.116455
726.374573
679.794495
711.653992
726.863464
717.048340
718.468018
710.090942
700.208191
727.708313
716.776855
702.294556
700.983826
735.905212
719.036194
739.460388
687.165710
717.859253
686.829712
713.617432
716.611328
717.589294
682.118225
698.133179
720.346924
704.750305
723.578674
703.962524
703.929260
712.185730
712.945679
727.579468
692.635132
702.043762
709.888245
697.396423
718.006958
733.104980
724.790039
710.626160
744.701294
724.609802
677.866150
698.150757
724.874939
706.071960
713.017212
719.639893
704.183105
705.680481
714.088440
717.361511
725.695129
713.462585
681.161377
711.009460
748.584229
716.304993
718.240417
706.462036
700.299927
695.794739
668.612854
688.615173
685.203979
703.480896
686.526978
711.644104
697.975464
708.884583
713.505798
708.227295
720.394470
709.332581
718.368896
705.636902
719.932983
738.648499
718.603577
728.182739
692.555908
722.942627
723.806396
698.094910
719.510620
700.689636
707.384949
690.576050
754.197205
721.409180
673.293884
731.750000
709.008789
707.957031
716.725708
703.544128
683.404541
725.323059
712.462341
729.911560
694.777649
700.478027
710.075562
721.157715
704.242065
695.824402
690.434631
699.185974
762.245728
713.552856
699.203918
730.167297
719.084106
718.764038
704.878174
714.686768
729.795715
719.308533
723.890503
700.378418
710.221863
694.778259
725.877441
701.984924
709.848206
684.625793
714.237122
712.138062
730.444214
717.206238
715.284668
712.423340
714.537292
706.657166
707.226318
720.551758
719.174500
705.940186
694.636292
694.523682
718.887634
717.399597
719.738525
712.266235
746.448181
705.066101
742.802307
712.188232
700.682983
712.061340
714.930359
727.002441
739.557190
697.749512
703.010925
738.784546
722.877747
709.054871
710.537415
717.194458
689.394653
721.135864
726.885559
707.748657
711.019592
687.970276
682.676270
709.077881
730.597900
716.075439
725.451050
711.463257
724.400818
717.328918
710.424438
714.807312
711.841003
690.842651
721.376465
706.308105
717.253601
695.723572
697.512939
714.362732
714.448608
683.887939
717.035461
731.596069
714.097656
713.727173
698.204102
696.804199
691.138794
687.208557
700.247559
723.195984
712.770142
718.033508
724.964905
701.222351
740.426880
714.250916
724.521484
723.388428
718.408020
679.462646
703.483032
720.429688
721.914062
724.891541
750.262634
694.234131
715.238892
703.104797
697.800659
750.905945
709.585876
725.809753
702.610046
718.155273
736.064514
739.941406
714.841919
697.347900
693.591858
707.830872
728.504639
729.953674
698.334839
713.575806
705.502441
709.374756
717.430847
726.134827
702.992920
719.392700
729.589539
715.283264
679.116272
715.560913
697.962891
694.859802
718.960022
725.288696
695.682739
706.943970
723.579712
705.722839
694.965393
711.665100
701.774963
722.240784
731.116638
706.564819
717.325623
682.726807
712.003479
713.088745
719.949951
727.968140
737.509094
729.494873
714.265747
687.772461
712.917542
718.980225
735.933777
710.184753
730.245361
717.275635
704.685242
709.225220
693.265503
713.704407
708.247803
729.192261
729.933105
719.472290
713.961243
702.609802
714.590088
761.525146
705.463623
710.453979
718.104126
721.917908
717.233948
713.413086
707.136414
710.850220
721.379944
739.193542
725.395447
728.554565
724.490662
710.945923
743.093262
705.008789
693.565247
709.872070
717.834290
718.849304
721.744324
720.252258
721.070190
713.228882
741.595764
732.891785
727.501160
729.835876
728.494995
712.975647
703.576233
725.332397
714.639038
723.523682
704.249939
728.702515
744.408936
723.849915
719.492493
712.375732
721.902527
709.679565
714.431030
712.003052
695.358826
740.562561
737.524536
728.542358
752.583862
722.413452
708.902222
746.183105
734.684814
747.798706
717.176147
738.492859
731.335938
688.572266
728.909973
718.919556
725.946411
730.894836
714.207886
708.444824
729.835999
755.259399
716.317505
723.422363
728.424500
712.527527
720.819702
712.236450
729.349365
719.063904
701.246704
711.939270
715.258545
729.928894
706.115173
723.947998
729.941772
702.268433
728.701660
722.934753
705.256165
709.749634
728.439148
734.258362
716.767517
708.730042
716.752197
710.842346
723.633240
718.543701
734.414368
713.567749
737.153809
712.763489
717.620056
705.838135
754.694092
722.444946
725.198975
713.525208
714.109192
720.746460
726.279175
750.765564
707.022888
714.274658
718.023132
736.718872
716.248047
744.482056
726.292053
728.866882
700.136169
722.056030
746.943237
729.517334
695.328247
751.956848
699.885864
729.494019
737.032288
700.636536
726.512878
768.321899
717.708252
724.863403
710.366699
727.484192
740.283264
722.548645
720.658569
712.182129
710.824768
732.592041
728.475281
712.793579
724.407410
734.562866
727.533447
739.971436
711.050537
725.143494
734.848389
720.772278
710.627625
722.595154
716.594971
718.947998
744.654053
704.748291
733.279785
736.851746
715.705261
725.703491
717.942322
721.476257
722.298767
706.687378
731.580322
693.408752
728.846619
704.528687
710.594666
710.332153
746.226135
704.975403
729.376526
734.938354
738.320435
735.516663
710.352905
728.903992
726.120178
716.303467
720.115234
722.374329
717.001587
712.612244
733.676819
725.902710
716.623657
734.165710
701.535217
738.324219
723.230042
736.147644
728.621460
749.743774
718.444336
743.864929
725.431274
715.118164
707.504395
727.087463
766.479919
697.490479
717.899109
734.158203
713.031067
727.494263
738.471130
734.555542
725.307800
734.134644
709.491028
740.855347
737.078247
728.859619
724.175720
736.068237
707.783142
720.247375
720.613342
743.635071
724.021301
745.495117
726.365906
739.285645
715.782654
730.432861
743.022888
729.508789
733.843811
707.753723
735.234558
717.964417
720.250854
720.206421
725.947266
738.517700
717.883728
729.380554
724.649170
733.648804
750.736633
735.631165
702.936096
725.038818
727.843262
719.894897
725.666443
735.489746
761.231750
699.149902
735.593811
695.897583
715.824341
727.821228
726.050354
715.482178
736.415771
724.709351
700.407837
717.563599
707.375122
720.943298
725.623779
754.198608
748.496338
758.525269
728.579041
726.058167
710.893250
700.976807
717.492920
720.366028
728.737305
720.011597
714.991028
712.067139
710.463074
726.044861
733.062073
733.242493
714.099976
735.082275
730.948608
714.297974
709.034607
723.766785
754.296204
715.764587
743.747131
712.125793
721.153870
727.967102
720.037964
723.572388
709.737549
704.889404
724.591614
714.728943
744.126892
719.956787
725.480225
711.363342
728.629517
707.007019
727.092163
717.436707
712.441528
736.629211
722.791199
744.746460
708.493652
746.483826
735.786316
728.999146
724.161072
711.132446
719.459229
730.629578
706.847107
695.581787
719.890381
706.115967
696.479187
719.988403
701.023315
735.127319
714.679077
718.564880
714.397461
725.014221
722.929016
705.360168
739.605774
756.995667
742.103821
714.102478
734.355347
723.727722
699.325134
740.554321
729.165039
725.938110
722.318787
719.986633
704.180725
718.406067
705.113403
719.875427
741.986694
718.725586
722.114868
726.417725
725.632690
729.323181
707.144348
685.609436
730.029907
721.246460
739.136292
716.925659
728.456360
760.872009
717.421570
741.209656
731.641418
729.927185
709.925232
732.483398
730.014893
723.131958
716.829773
735.072021
705.366150
729.257935
720.280884
743.218506
728.353455
716.374023
750.241516
742.295166
714.090027
721.128174
729.011230
732.127075
736.680786
720.959778
717.736572
727.929871
728.295288
739.431824
715.652649
716.726746
707.367371
722.391174
749.290039
733.535095
708.370789
715.456665
735.435974
724.877380
736.064575
754.006226
728.022461
717.386047
727.839600
731.723267
733.616577
729.129517
731.722839
728.489441
769.287415
733.052551
729.954956
729.609863
727.943604
736.737793
729.951355
724.710815
743.952576
718.666931
735.283569
742.881042
727.555359
723.196228
726.392151
688.760437
708.820251
726.484009
726.314331
728.243164
742.895996
709.971863
738.354187
704.589539
720.553833
722.333923
701.809143
739.105530
696.393921
728.653564
712.438843
713.623413
694.561035
743.076965
732.725220
731.466187
743.522278
712.948181
714.393188
744.680969
722.638611
713.851501
723.443176
698.953552
708.914185
726.396851
709.661743
716.743896
712.616455
763.085876
715.219482
724.157532
730.433655
731.597046
731.044312
718.588379
722.382568
707.002197
699.389526
718.210693
712.786011
742.370728
733.577515
729.873840
726.227478
715.344971
734.672791
750.524719
719.723389
735.127441
737.747253
734.641724
715.135071
706.033875
740.121704
707.260193
737.882507
731.545044
726.706543
731.644714
716.486450
707.689514
742.371948
723.089783
710.041260
744.833313
714.534851
713.913208
728.541077
721.340942
748.370483
733.738403
732.311523
720.336121
721.967407
691.886536
713.756653
742.224243
728.593628
746.572144
745.560059
732.932373
739.846375
704.505127
719.057800
737.767273
737.870422
714.163696
703.092468
708.197388
703.057800
731.261169
696.648987
696.167847
726.333618
748.088562
754.563110
748.460754
728.585999
747.373047
720.442017
717.112976
698.016296
735.389771
722.775513
734.109375
739.265442
747.633423
721.835449
706.560913
716.173279
704.025818
735.313843
745.326416
742.738098
723.395935
728.703857
711.105225
762.696472
731.441589
714.496521
731.577820
737.100098
729.570740
711.226990
733.489868
724.006409
729.301392
701.790649
723.770874
707.343750
719.302856
744.691223
725.410889
721.100403
730.391907
717.532715
740.592651
724.025574
725.489624
729.362305
743.367920
711.764465
719.287720
732.665710
728.076965
723.577820
720.806519
726.771912
740.059692
701.162170
721.338135
745.914734
700.452271
692.627136
712.374756
719.890503
745.545837
736.638245
727.695435
731.327332
702.463013
710.599182
752.552673
738.317078
738.255676
735.028809
723.678894
729.355042
718.324890
742.215210
734.798401
727.252197
710.972961
733.105042
707.768860
745.229919
738.914612
720.347290
728.692505
749.676025
707.951782
713.670349
740.277344
730.188904
748.830994
714.943787
714.062683
734.665527
719.866028
727.727905
728.002014
719.906067
709.820251
727.376953
725.978516
739.050232
729.819702
724.321838
739.513733
715.791077
722.232605
734.920593
733.244324
717.743225
711.410767
727.521790
733.552002
706.832947
716.343201
735.631836
714.789124
722.092957
717.411926
722.618958
693.611206
734.764771
735.403442
744.884338
719.281799
735.117554
721.094299
716.139832
727.100220
717.401550
717.818481
723.055298
731.956665
715.304993
729.095642
740.250671
735.997620
718.814636
695.265503
720.303589
736.974609
704.149780
725.497864
759.860107
720.895630
712.515137
713.380615
698.382629
701.457825
725.279968
744.538513
746.315735
723.834595
740.181641
739.550842
741.270569
743.167419
723.866455
722.781921
737.551941
723.180725
726.974548
758.569885
742.730103
721.235657
704.667603
721.295532
730.395508
731.694580
737.721375
746.878296
742.390198
743.695618
723.995667
747.195801
731.632507
736.992310
728.785034
741.325012
702.445618
733.464661
726.563416
734.501587
762.364319
738.574951
736.579956
751.406006
711.196350
730.395325
720.761597
757.647461
740.007141
710.006592
734.704224
735.520142
736.801758
721.710571
713.118408
707.693359
731.212219
724.647888
733.554626
741.878357
703.622864
713.551392
705.860901
721.483459
731.719360
709.937134
729.384766
724.540283
736.771667
707.237915
710.657837
738.371887
686.548157
717.906738
737.839844
713.045288
740.688660
708.167358
757.707764
717.553406
706.944336
739.048279
716.743286
708.550354
730.871277
742.665405
733.503479
714.417664
721.291016
740.931458
747.482300
709.161743
725.738281
745.801086
718.756592
723.808472
736.932495
722.703125
728.481873
758.210022
735.803650
723.857483
739.678223
727.277222
719.172119
724.903015
715.282349
751.648865
735.633362
733.515808
721.442993
742.600830
723.026855
702.885071
723.499512
707.134460
730.698486
722.548218
721.863403
743.385986
738.472290
729.097351
704.649780
724.968079
707.473267
716.577148
744.221436
721.827026
731.985352
741.819092
746.065247
741.949097
731.322998
709.790344
710.699341
726.129089
733.241211
722.477539
704.969360
717.975891
722.579712
726.858337
708.713074
704.251831
707.703613
736.635925
697.286560
720.811096
708.605591
730.148376
707.751282
718.112366
722.819397
720.864441
718.167175
730.591064
724.515869
750.264221
751.146240
718.872070
722.576965
728.827209
733.838379
752.278931
747.329163
703.598999
710.866028
746.289673
716.185608
691.276855
734.724976
705.208740
755.079651
723.873291
725.824829
709.751282
733.708496
710.732117
719.809570
733.154663
709.946411
737.692383
736.869324
727.618225
729.329407
713.760925
733.314636
739.661072
725.079529
693.340149
721.631775
725.181885
743.010254
715.646362
766.043457
735.351257
721.274292
751.931091
736.089233
705.633240
731.897278
742.816467
735.602478
715.119629
735.601624
737.192139
729.719727
719.512268
745.341736
727.602295
739.517395
739.392761
711.085388
709.112305
716.617676
731.124329
741.392944
700.654907
734.529114
715.152283
700.870117
720.568420
745.858704
740.902649
715.533875
704.717773
703.524231
760.951355
717.734192
721.213989
739.883911
739.792908
712.446533
718.743347
723.760742
736.844177
723.577271
720.820190
718.489685
739.096069
745.667297
723.805115
732.695557
737.031677
728.368225
732.802795
707.599609
745.851074
723.651733
735.645996
760.967590
716.084473
742.752014
746.579895
739.984741
743.170532
714.808044
723.383667
725.947021
716.905029
711.211548
726.312744
735.363464
721.366211
748.348450
760.873535
724.566101
734.332458
724.515869
735.924377
732.761536
729.785278
728.479309
756.408752
724.625061
710.456055
739.361084
719.963196
732.179932
711.685730
733.050110
753.655151
702.054993
716.718018
729.478210
728.606140
741.603210
718.412231
733.580933
725.796448
723.899048
714.655457
706.820007
727.447510
744.578430
720.829407
745.297180
723.383850
726.394104
714.363953
694.195312
715.505554
713.996338
744.670959
734.790771
745.353577
735.850830
713.407654
703.926575
717.907715
724.718811
743.767395
725.509583
736.620544
742.135254
711.541138
740.811951
714.158020
725.190430
726.155579
752.687317
702.421021
717.788574
717.713440
721.436340
733.502136
721.436951
757.584778
718.470215
740.348206
728.376892
711.475159
734.149780
747.552307
734.228638
722.486694
718.683289
728.295715
755.614258
745.695496
704.967529
741.500488
744.580261
727.668823
720.968079
746.304932
707.282043
747.689819
716.506042
734.296265
712.013855
721.685913
734.644287
719.277039
730.536377
723.197571
708.444214
738.808411
729.885071
705.062073
731.518433
733.672180
738.687256
720.408508
706.742188
729.694641
724.062683
706.049683
746.686646
758.209839
744.204224
733.064026
752.403625
732.517578
721.113770
746.267700
695.616577
742.860352
749.471741
726.629822
768.229675
710.028564
728.723999
744.641174
745.489990
738.698914
746.629822
740.190002
735.076294
707.759460
739.672546
729.932739
747.533508
732.711304
724.088013
716.968140
723.046326
725.339844
753.693237
726.672729
708.951416
718.909424
735.358276
727.396606
721.532532
736.027283
740.603882
723.396484
718.772583
732.379395
753.088501
745.020691
723.084961
711.727966
729.237244
725.308472
744.763367
746.045166
763.215637
732.225403
723.571655
733.472473
729.195251
739.489380
766.161316
715.057556
760.236816
738.803650
720.110718
742.134705
730.783569
712.661499
730.995850
749.758362
724.888428
720.541687
716.522339
727.106934
750.429382
725.044067
722.553955
738.344604
720.291260
743.488953
721.024780
720.209412
731.784424
709.434631
730.806702
733.313354
717.183289
725.744873
749.856506
734.686646
698.682617
745.688843
747.111450
740.848511
740.060669
725.218567
751.333008
752.036133
741.294189
768.872803
734.040161
725.813782
721.778076
749.489624
743.693542
731.017212
748.422974
740.974854
749.472717
729.686646
728.641113
728.699890
747.443665
764.164246
723.594299
756.110291
735.851196
729.278748
756.589233
735.495544
732.530334
719.449768
729.354858
771.079041
755.331116
748.741333
732.816406
747.832214
737.434204
723.600952
717.354980
773.492249
736.422607
738.531189
724.953308
729.571594
749.706482
737.879089
733.659424
707.883240
775.000977
708.637573
729.002380
749.617371
713.305359
734.639038
736.310486
727.638733
730.976379
747.914978
722.577820
725.353333
752.765930
725.588806
713.559509
719.408936
740.487488
706.674011
745.779785
748.977356
723.604370
729.171448
740.341797
723.010803
728.610474
711.408997
730.296753
713.041077
726.517700
744.810364
746.802368
739.568115
761.231018
734.410583
695.768433
729.993530
723.622314
748.381531
730.481079
735.370789
729.728027
725.480530
727.961731
731.604004
734.486084
726.676208
