484.508392
520.836365
537.221741
532.271973
413.868378
513.807922
488.207520
432.814178
539.807190
449.521545
537.114014
583.387634
494.167328
581.067200
574.200378
477.824951
548.543091
550.701965
543.763062
466.807953
496.839600
608.372803
455.779419
517.435181
479.567749
441.721466
569.317627
515.053833
539.238220
510.265472
483.626190
496.476257
460.789734
490.970459
541.614746
486.333313
466.267578
548.561035
563.900757
487.755798
574.410156
542.877441
563.304932
522.710449
603.786255
624.656250
554.492126
541.483765
553.973328
478.772034
551.829590
536.119385
531.046509
560.769226
571.896057
488.654938
518.338623
524.684570
554.598572
601.990967
490.441956
498.957916
482.405426
552.650452
542.895020
515.884399
534.243835
558.197937
593.153442
553.870789
502.726349
619.857056
542.733398
489.243927
515.807434
496.311798
548.717285
548.332886
459.740845
528.947815
512.114258
523.004028
562.788574
511.318573
467.808472
536.645020
497.134277
507.071930
556.334839
525.703979
558.446533
568.021179
556.747192
531.090759
525.942078
556.066467
489.108459
562.330078
534.250671
563.319031
576.107361
513.352051
600.752258
550.739014
655.026672
455.137909
497.743286
533.522278
513.903748
578.706848
596.945801
545.304504
591.586121
582.491211
531.991333
548.799683
550.676636
524.062134
554.898499
518.553162
561.404602
611.990967
644.586853
550.695801
639.114136
632.331421
627.886353
587.134705
631.823303
566.527161
697.719543
582.501648
638.063965
636.748474
485.374847
576.267212
565.857056
613.075684
642.604004
592.598694
638.795837
658.224426
597.770630
599.929199
591.025513
691.589355
563.711304
596.066528
569.689148
574.998169
511.024597
623.004822
634.760437
555.900208
634.311035
629.346008
661.350403
620.286011
626.608582
658.281006
611.560364
569.654419
555.181946
662.319092
615.038635
577.992371
618.299194
683.032898
545.179443
585.682190
667.804016
639.245117
663.842651
650.164734
580.321655
617.579102
657.075073
624.557373
621.944092
534.644714
657.355347
593.820435
596.862000
594.684509
613.569458
629.614197
629.788513
609.430481
583.914734
609.392151
580.574768
503.425507
623.391602
576.972717
514.005493
515.458435
605.297424
540.211853
647.121094
626.863220
566.268982
568.158813
602.417114
647.182617
577.201904
587.513916
614.571350
594.594666
660.465454
585.933044
544.710510
616.305908
672.671082
515.565308
527.401062
609.701782
599.930176
604.451294
592.690552
620.486694
630.215820
579.896912
580.738586
611.518616
627.381592
565.502136
627.057373
613.986023
647.297302
604.661011
614.336121
629.655945
496.723846
612.620300
637.564148
661.896606
603.841370
644.230713
561.263611
645.432556
542.416138
606.736328
615.650085
653.131165
620.798767
590.728394
576.140015
614.353210
608.851318
566.226746
614.917847
593.394043
574.958191
596.774597
598.692993
634.591553
582.763428
642.948669
668.037354
666.627686
669.734558
648.394775
625.075623
646.670105
668.493164
656.701965
661.989319
742.911133
689.611267
743.614380
744.763245
705.872437
770.904724
728.650024
733.914490
727.335571
712.570312
712.968201
734.521362
761.195679
749.311035
722.524414
729.397278
806.195679
791.253784
749.824097
755.194702
687.782532
801.649719
792.257263
733.710938
821.476929
792.007385
791.284180
770.263611
798.283386
803.814087
742.982361
825.735291
817.195740
810.351868
751.068726
755.354492
807.469910
840.011353
736.750000
779.768066
826.896667
775.489502
792.847229
817.987244
784.311768
741.575684
783.714783
771.125732
689.809570
754.193176
811.764404
837.477966
774.833374
775.443298
738.967346
788.432068
772.713257
831.351929
786.947998
747.150879
787.588440
790.227539
787.529846
797.604065
782.486877
780.199341
795.380493
796.977356
823.978943
806.199524
835.557800
788.195679
789.921021
838.588745
778.400513
810.823975
807.512817
799.861511
823.073608
799.961060
795.821594
779.442932
825.534851
790.634644
804.854309
836.518555
776.762268
773.813843
794.251648
818.236023
786.011414
824.157166
774.634338
816.238770
814.563538
784.574219
784.950562
799.314087
781.027039
792.600159
765.547913
770.101624
814.622498
802.117188
811.088379
775.845215
739.689026
773.196350
803.621948
757.706238
785.997131
815.315247
768.744324
795.257568
724.652100
778.816589
797.006836
814.769409
845.448792
804.305298
759.294739
797.742981
864.007019
786.882812
814.285522
811.800049
785.926147
796.022461
832.401733
769.180969
838.204895
790.402100
816.040161
815.123840
797.573792
748.150269
823.129517
824.473022
840.085205
828.492065
802.552856
800.929626
815.331726
829.471008
763.046448
779.849243
834.617310
743.041687
799.321655
756.972900
765.003662
822.577576
781.321228
819.674927
810.457703
819.100098
810.503967
747.348450
799.504150
806.377197
832.832642
760.430603
821.171570
771.546448
802.846985
826.256104
828.736572
809.711853
869.409058
779.533203
817.185608
806.159790
836.789917
794.220642
781.448303
793.428406
809.521667
835.378052
845.176636
821.346802
814.673157
793.577209
744.582520
833.924622
770.813293
826.503784
785.307312
806.426697
826.216187
826.078003
783.331482
799.745728
800.696960
818.660461
780.245789
817.497070
857.702148
789.471741
811.100098
755.162781
779.698608
825.567932
775.776062
801.771179
809.836548
770.541992
846.363342
846.903931
805.090088
831.544861
820.874756
798.265747
788.597656
798.486450
785.750122
779.954834
784.298462
822.521545
759.400879
742.463318
817.234314
856.586121
826.472473
794.544800
809.873535
839.242493
828.010132
823.455078
851.767578
745.795349
772.442322
838.935791
851.999084
830.904907
854.188843
814.893433
777.997314
794.952454
798.079834
853.792236
792.978760
768.042542
774.058167
813.076111
788.864014
791.157104
744.764343
865.429077
823.674133
862.707703
837.803345
824.856018
815.589661
794.989624
825.903564
789.622498
824.645020
834.200317
851.718750
862.203125
871.820068
798.104553
771.514832
813.668701
800.772888
801.851807
789.665649
821.541748
812.471252
833.052185
817.950500
819.317688
829.005981
831.995239
798.030640
806.288879
788.590393
825.033630
824.916748
826.433533
831.402771
823.273865
829.046204
809.816833
804.913940
826.841675
814.041992
840.169006
821.357727
797.249023
860.198608
797.899780
858.728333
848.599304
830.438965
821.706482
848.983276
823.534729
815.151306
766.625916
806.228821
824.313354
764.974365
813.749573
855.775330
810.588196
815.265991
810.752930
812.977478
794.912964
840.763916
780.242126
813.439026
813.923523
770.312805
820.238098
754.034729
794.248047
833.711670
780.760132
804.173828
798.542236
810.436890
804.024109
814.824219
836.015991
813.443115
801.899170
821.606384
809.311035
790.474976
790.329895
825.238953
804.682617
833.601379
850.161011
825.621094
810.110107
828.863159
800.153564
811.426819
815.979309
837.496460
854.751160
752.326355
767.246521
831.278381
745.886414
842.293091
828.975464
792.161743
849.428650
786.497986
745.396179
823.756836
796.085327
836.868042
793.548279
863.287170
841.388672
796.473633
809.163879
849.535645
825.366882
834.492920
789.984619
744.522827
751.568787
762.501038
801.532776
782.340027
851.270569
805.475037
784.289734
811.720581
818.929749
821.993530
799.165161
824.753845
814.410706
784.872864
815.921265
800.263123
798.945740
797.841919
811.087524
826.638794
820.232544
798.152893
788.146301
824.501160
815.160034
823.631653
815.002075
800.102478
795.428528
835.330688
789.536560
826.374268
738.414185
824.285583
781.426331
814.242981
828.938965
802.577820
797.748657
809.472961
816.698364
808.231018
817.063843
782.211731
826.024170
818.547180
827.755554
752.236328
857.594238
771.570129
797.655701
797.389282
809.609009
792.391174
820.272156
833.520081
803.856079
842.934448
773.472839
844.300964
852.921692
810.869080
833.023010
822.783691
761.131042
757.411560
791.633301
714.228271
792.767212
797.189697
797.670166
769.354248
847.155212
779.125549
777.861450
806.321594
791.925293
825.910767
754.894165
815.762756
804.612244
828.717163
776.688538
757.490356
798.721558
769.187317
798.499451
809.581116
740.856201
766.980469
801.578674
754.299683
796.127563
818.691040
790.255554
774.542786
835.132080
793.033020
762.638000
825.771057
851.125793
773.074707
800.474548
786.333862
768.440430
842.468079
791.749390
814.429077
756.516968
779.851257
791.031189
791.237976
794.040466
776.113525
770.716614
805.000305
834.865723
802.593506
783.003418
712.330566
760.132507
785.800049
756.481567
787.993896
794.621887
775.588440
809.666443
765.197266
810.196045
835.282471
784.175842
760.995300
798.753967
803.824768
850.959412
842.123047
820.772827
802.888977
840.651184
822.400269
774.927063
800.758240
802.461243
751.192871
756.208801
812.313293
782.282166
719.545898
786.768127
820.757935
825.207336
817.768738
742.699158
854.606018
794.195068
801.458130
876.922119
735.483765
781.841492
788.331116
753.648010
805.252319
781.986084
775.103333
764.056885
785.904846
792.265808
751.437378
817.911316
826.626465
775.986633
727.918701
798.380066
779.265686
813.517700
739.068298
792.577271
764.056763
813.808044
724.957336
814.161255
768.621033
823.240173
751.557007
835.751648
748.736450
809.651245
786.942993
821.608337
800.879028
818.989014
803.708130
800.153687
805.032532
815.682617
795.586914
742.651917
786.747192
770.685364
793.444946
807.708923
793.012878
799.790344
796.566711
790.055725
799.850098
851.952454
774.394104
773.775330
817.043518
812.691528
775.926575
787.446533
806.752869
778.744751
788.940125
798.960327
768.672668
827.713867
782.877502
819.201111
826.322205
811.284790
765.457397
815.179810
857.783142
757.516785
810.737610
769.796204
821.110535
784.752197
843.379395
734.006348
767.090637
808.738220
713.451538
769.420898
788.433472
806.552002
763.504395
779.703064
780.545898
787.249390
850.818787
757.061218
783.365051
804.620728
804.598022
827.357666
809.121948
763.146423
747.844604
769.219788
851.172424
776.714905
767.605103
804.046997
762.564148
805.788025
836.450867
805.569946
746.410889
833.150940
837.324341
841.717651
787.804382
821.099365
796.862244
837.852661
814.813965
832.889221
810.905823
825.966003
805.275818
768.543335
831.790833
875.216614
812.736877
812.979858
766.266907
786.606689
809.156982
738.143250
806.034241
799.415344
785.878235
730.173523
789.119751
801.848206
714.063965
797.268005
820.855774
778.364136
828.460266
737.776917
816.204956
859.089783
818.249573
783.376831
771.635803
836.251709
806.852600
800.595276
769.563232
777.378052
803.769287
788.125183
756.485229
803.220642
751.507874
838.554016
786.329956
769.493713
805.983765
811.521667
779.050842
791.029846
779.233154
765.440430
815.324890
778.763000
828.543762
741.577393
834.097717
810.459900
809.060547
850.481506
828.853699
788.469482
736.426453
820.314392
736.775391
759.475403
806.333557
795.540771
763.800781
778.634644
768.699402
812.453003
746.641418
825.266663
716.707703
766.861023
835.757629
744.729919
758.116089
784.668884
813.418701
820.490906
785.357605
795.837646
788.251526
819.526550
839.999878
797.194580
842.565674
793.797119
858.028625
812.021240
793.780518
784.571716
800.506836
820.459656
810.535278
788.507019
791.929260
794.984497
802.547729
809.722595
812.701965
827.047546
832.767944
847.699463
830.971802
774.033936
738.021118
829.352722
774.578064
822.087769
787.534729
800.147949
750.933289
728.120117
772.380371
743.256958
787.700256
778.985535
778.594055
790.027649
814.035950
752.355286
810.579346
759.045410
783.528564
830.647034
824.242432
841.030762
781.071838
817.361206
789.850037
807.682983
810.870911
801.728271
790.243103
825.286499
772.301025
774.083618
753.199829
773.604004
828.818909
820.049500
800.943848
818.543457
773.308960
807.321167
818.159790
717.072693
804.384338
769.819336
814.250122
794.039490
795.862427
794.606140
794.849121
810.415161
784.173706
835.032776
739.016113
788.821411
811.858093
798.383545
785.697144
760.417419
817.039856
818.381775
835.568298
765.169739
794.766724
795.870911
776.592957
785.276062
805.575623
827.560181
805.326233
843.640503
806.726257
762.411438
776.117981
800.898987
769.532593
793.664612
781.805847
793.055176
765.478027
767.867126
763.507446
723.883362
758.059509
808.357056
740.514343
813.332886
816.799683
744.220154
786.941223
753.079041
757.326660
746.234863
764.764587
783.519653
766.137146
792.015869
759.106140
753.088013
757.347473
777.357544
725.873169
841.509460
775.440735
805.140137
809.633362
792.545410
742.619934
806.497681
786.031433
800.617920
736.234131
805.087036
809.044739
738.373230
809.557495
776.913025
808.500916
735.955688
779.790771
738.723267
763.682190
743.665100
769.141418
823.672852
771.088562
746.284790
784.518555
810.414429
766.597595
813.196472
781.418579
780.673767
809.563232
781.299805
774.534302
764.446838
770.317627
796.437012
784.740662
755.538513
776.626831
790.614197
812.300049
770.145752
788.277161
756.209534
758.829346
801.757690
818.906067
794.347900
771.616089
786.659302
776.821777
841.992249
788.119446
776.734070
792.823303
789.049805
824.151855
773.977417
771.897278
858.958069
762.870850
781.114746
714.593750
785.239502
799.660583
743.424377
806.149902
827.689636
773.447571
746.322266
818.562622
829.397034
732.589233
782.406738
809.992371
849.471252
788.545776
831.219116
822.336365
789.780518
777.621460
803.443054
766.911133
827.243530
753.375977
766.156006
768.433289
772.532043
806.345337
794.319336
826.515686
820.251587
797.010864
804.051880
847.540955
745.654053
734.639648
775.448364
783.191467
789.412476
796.825317
803.851807
808.583435
763.551697
777.431335
822.212219
757.460144
801.529358
738.137268
844.678040
796.476257
785.807251
741.830933
818.101562
794.512390
812.155151
781.045227
799.589233
774.498169
792.747131
768.408569
801.422607
766.880920
843.334045
817.512451
773.476685
786.338440
789.032471
726.651184
805.220886
754.456970
823.173706
764.241516
782.220520
800.269104
767.666992
825.304565
809.548340
767.416199
799.024414
798.752014
778.221313
808.943848
798.824646
760.696106
798.024292
731.146362
792.211304
752.678528
793.975769
828.621399
791.362061
754.121643
780.487122
790.484375
737.611267
803.321655
804.124573
779.678284
803.805115
824.482788
738.822571
818.403381
805.333557
818.960022
821.317444
824.866577
803.673218
841.533447
771.207031
788.425476
799.390015
777.207886
793.694275
818.521973
784.692810
754.151611
763.954590
754.252563
805.964600
732.959717
771.907227
750.650757
779.898560
814.534607
762.780396
765.825378
813.103333
764.807251
764.902161
812.697571
776.387146
769.262817
799.310852
790.959717
786.162292
744.756042
806.524963
824.442322
793.354980
790.591553
797.267273
785.455566
786.282959
806.577393
790.896606
811.809875
787.151306
755.294983
782.701294
810.231201
758.946838
793.074219
813.117493
830.004395
812.113403
803.346558
828.786682
802.558533
779.186584
777.650574
809.611877
833.001648
819.562134
776.855164
768.589050
791.833557
814.540100
825.045959
784.434387
749.402832
801.581726
823.862000
749.538452
833.117310
816.215576
772.077637
809.479309
834.249146
820.148926
812.209534
759.631042
782.271179
803.263367
787.255920
813.139099
775.400513
773.432251
804.065125
776.386230
769.054749
736.309998
808.265259
794.266663
817.912964
767.212280
758.842346
786.325806
719.514893
776.285950
770.883972
785.922241
832.649780
786.610596
807.210815
806.564026
802.191833
850.304871
788.394348
793.348022
768.015198
776.876099
799.491943
746.508301
773.351746
774.551880
772.607788
743.206177
778.489136
791.208191
790.557068
784.657654
752.385498
786.631897
801.615662
824.487366
792.250854
803.771362
741.764587
753.330933
799.218262
796.277100
814.284119
807.299500
815.776611
763.425354
789.316589
835.165527
770.387024
756.000000
808.161865
822.494812
797.844971
842.225769
832.592224
796.586792
776.922729
758.510681
751.638306
818.765625
819.441650
782.865723
808.085693
797.212646
793.173279
800.893188
779.358459
762.564148
769.287781
791.814636
769.849487
785.720947
784.544434
799.054077
830.683960
763.019775
807.020264
830.461792
805.674438
840.040833
805.502991
858.236084
803.291321
750.117920
816.322388
801.926636
800.349182
771.330933
797.685364
791.257385
774.972900
810.948975
788.767151
861.346802
827.893433
789.505066
798.979309
789.285217
816.889709
825.252441
794.994507
838.407166
848.695862
804.159729
844.445129
837.226135
819.179871
835.685913
803.083435
804.300354
802.695068
890.803833
809.217041
826.540771
877.784363
846.931824
831.883179
846.395142
815.619629
787.545166
846.631287
829.171387
767.005554
872.270020
788.339539
840.343567
808.846741
824.971863
829.830688
837.183838
814.658752
814.536926
817.446960
833.498474
824.886353
822.691956
823.746155
839.304565
818.003296
778.174866
801.564270
844.942993
828.570435
847.110046
825.659912
824.047974
782.965759
787.537231
803.930969
836.679504
818.527710
824.006226
825.647095
808.938904
824.717346
805.252625
820.313293
846.275391
841.526917
822.872070
810.820496
850.590637
854.486511
782.638428
802.660828
840.523376
876.551331
820.811035
847.553711
808.704773
853.333191
887.131165
809.211304
837.655823
810.511108
880.427856
858.462830
829.014465
860.288696
835.080200
841.839966
861.788635
855.501282
825.561584
806.111389
816.944031
833.017029
879.265259
825.592102
852.120911
803.055054
864.194153
836.128418
826.950134
800.851501
790.340088
817.256104
866.201111
859.643921
849.745667
818.269714
823.905884
809.336914
850.839539
794.310852
857.775696
859.961243
858.384399
837.746704
843.684814
799.891479
815.240723
827.572815
850.008362
863.129578
845.698242
833.134521
887.405701
826.929871
846.903870
850.781250
820.489868
881.806274
828.721802
816.498840
813.267456
810.167175
820.975342
848.263672
831.094849
844.706421
810.769958
814.815186
836.742371
871.159546
753.118591
806.923706
797.683716
847.743347
824.062012
839.150513
821.348206
823.411987
812.467773
807.739197
847.775085
815.852478
839.223022
855.831848
864.667480
825.640625
818.892456
868.845154
795.692017
818.669556
843.697083
826.036804
804.564087
813.199036
825.054810
839.043030
820.793152
850.429016
861.523987
806.631714
836.552429
818.932617
852.905334
853.641357
808.665955
854.320007
812.764526
850.468018
758.241089
828.737976
854.057190
863.633240
812.123657
842.646057
771.488892
830.004456
856.466370
838.429565
800.561401
796.341858
825.733032
789.987549
836.248169
879.674500
832.636841
809.956238
824.854919
803.834473
808.635010
798.649292
852.307861
829.812622
863.487183
830.922058
804.453857
767.045532
809.875549
862.966003
805.972900
807.731445
768.993408
852.320007
804.935242
856.418518
825.066223
840.660950
801.602539
777.555176
834.949341
870.451538
863.212585
828.328125
793.339844
853.904724
832.986877
801.386597
792.800903
789.823669
811.179810
852.069092
826.832275
792.543091
825.316895
822.168152
787.983887
778.463867
821.903748
825.926025
850.294312
801.775208
777.633545
758.497620
784.113586
822.848877
796.465210
812.867371
802.313721
807.418152
855.406677
766.169312
816.480408
785.504883
831.254333
805.708191
795.586975
838.853333
787.464844
847.924377
858.990540
796.093201
855.356995
790.963257
798.927917
809.346375
803.102356
825.939880
866.517273
819.205872
847.900879
801.625732
834.669434
815.596191
816.369202
812.170593
862.623779
837.109497
867.051575
818.147339
874.247559
844.442810
820.532043
888.756287
844.628723
807.154114
854.242859
830.700439
842.260315
793.203491
837.995911
845.963013
813.604309
850.772156
835.453491
800.356995
875.492920
849.979675
836.093445
828.137634
838.819458
828.981812
828.474609
832.496704
882.885071
773.927429
824.677551
800.748779
826.651794
846.196472
768.183105
867.761047
829.603882
889.340088
842.596802
845.724548
819.564209
831.252075
860.085022
839.160706
851.457275
821.752808
865.226013
861.027466
863.294800
846.996094
842.711914
889.511963
805.425049
830.228943
879.167969
832.629272
843.817810
848.515564
863.039429
841.240540
859.767639
855.398804
857.113647
848.201294
866.300964
868.099060
844.710205
790.385498
820.575989
832.279297
821.685303
882.048584
824.930725
878.669861
845.707214
784.999023
816.496399
819.085510
876.812866
819.248779
864.420593
880.489197
855.166748
837.395752
829.218689
789.624451
916.025269
843.112427
822.542053
874.321533
814.027161
848.464905
848.932983
838.126953
898.791260
820.129761
805.572083
806.200256
843.262085
878.091248
816.001343
825.931580
873.855347
839.353821
828.138855
834.022766
827.866394
815.760620
849.512573
889.506287
851.515625
843.733826
847.662964
788.366089
849.022583
834.682190
839.239990
814.446472
827.067139
828.821228
851.026611
838.386230
858.311279
855.088745
840.124146
799.015076
857.337219
845.985596
817.867798
827.066467
853.092529
800.691833
839.344116
870.395691
848.841492
862.007507
850.699402
857.732788
836.784729
845.771667
792.216064
807.498352
920.165527
850.099060
843.505981
831.691895
838.835022
872.285278
877.948364
841.023987
840.321350
853.213440
807.744629
875.039978
845.273987
837.775085
806.933105
837.439453
839.994690
837.355774
846.106506
820.331421
867.476501
868.455811
792.524292
834.340271
835.095215
787.026306
870.552612
849.330139
879.107727
822.676147
800.299438
862.375488
869.581299
839.190247
885.470215
860.159729
862.926880
844.477539
861.536560
867.057861
858.747559
799.117126
806.857117
870.898438
868.639893
777.401855
819.903992
803.525208
827.211365
840.870789
828.694275
860.779114
851.655151
763.140259
843.562805
825.231873
822.686035
811.598267
827.072327
804.009399
876.495605
818.008789
853.406189
828.362976
880.552490
843.142029
864.135681
865.175293
891.976013
849.017639
816.455200
832.535400
804.138489
853.925903
844.462158
855.279114
909.298523
849.315063
853.498047
890.736389
852.141541
801.083252
844.614685
769.694153
807.655396
854.023132
850.961731
834.192505
826.267700
868.378174
832.007874
839.972839
867.788513
844.923462
816.493347
846.808533
806.998840
823.115417
821.211304
846.328064
823.675049
835.111694
884.206238
838.329773
856.579590
831.809753
853.110901
856.538940
872.804016
843.430298
867.897034
826.883484
824.569275
831.757202
842.140869
800.837646
857.848328
855.150757
845.375427
861.953491
857.113159
864.837952
855.227051
901.720215
828.289124
832.450256
854.875916
860.041748
836.616516
828.804199
846.326599
808.140320
776.425659
822.729126
815.449951
824.856323
894.367249
844.698730
880.756226
813.651672
881.699097
835.105347
878.742065
845.653320
808.200317
897.027161
855.836121
831.700806
773.361450
834.821350
855.997009
761.626404
833.656921
848.677124
839.300781
844.294312
793.644470
868.715149
818.976624
886.621521
846.147888
872.858765
876.288879
824.690979
884.886902
866.644592
856.711914
825.947815
835.790588
780.770386
772.682861
851.237305
850.876953
871.000122
851.142883
851.387634
809.194946
864.793030
863.840942
837.996460
861.717957
864.696228
833.848999
847.059753
845.368713
814.787048
872.839600
815.287842
865.927002
815.943542
866.050476
822.540833
779.013672
803.439331
846.569031
847.630432
868.771301
848.837097
801.549744
851.050293
847.971069
849.978333
881.717896
864.658020
854.054688
802.295349
852.723694
874.409546
857.289490
780.115662
842.590088
801.618347
854.649658
878.980347
814.162292
811.571594
832.077026
822.795471
887.919250
824.250671
886.000244
860.160522
828.714661
877.595398
830.930725
842.043213
858.689575
786.446838
883.495972
862.976013
871.594727
819.259827
819.582825
857.704712
823.265015
860.522400
799.668823
871.179688
839.206238
845.918152
815.527954
832.940063
801.128418
856.480103
846.086487
804.536499
833.730591
839.272034
822.164062
852.059631
825.400208
878.894714
847.982239
889.836121
817.903015
851.495239
899.356262
827.906494
854.205994
865.588623
827.370056
866.779907
828.586609
845.906860
847.685852
891.716187
872.988281
858.178833
806.623413
837.630920
866.032593
903.434509
851.636963
855.670959
818.252258
865.648560
884.649963
839.414734
861.327698
822.109192
883.843445
829.061218
906.488464
819.797607
870.542542
869.184814
859.174561
880.638550
897.391113
821.604187
861.296204
862.066650
860.313721
800.007935
848.154846
820.782043
787.579895
868.580811
774.716614
806.867065
820.508911
842.619812
849.138916
826.296021
816.393250
792.502991
783.797546
849.242188
824.075195
852.469971
864.358765
872.153442
869.287537
772.935120
814.327271
793.468506
853.629456
825.759888
855.694580
825.990356
888.109680
832.970581
788.341919
866.747192
794.062134
837.447388
848.085999
841.595154
829.823364
833.749878
842.549561
812.521240
883.273926
891.390381
891.852417
793.887573
865.035217
841.578796
872.453918
792.135925
860.280884
889.637024
863.228882
859.780701
836.263794
877.500488
827.266235
863.175110
885.151123
835.154358
867.984741
866.279419
830.819641
861.833923
885.512268
872.040405
817.435791
851.561890
845.460693
856.682251
823.220825
811.635132
872.678467
858.154724
883.426819
882.356079
854.580688
865.834412
908.199402
845.810120
819.164368
866.158997
820.004761
853.727539
895.568115
863.781921
878.300842
857.851257
862.135498
854.337341
846.641357
845.758789
832.381226
873.140076
853.953003
880.638306
833.316650
817.226868
856.196350
811.722961
866.504456
865.619934
855.962769
832.796753
840.885132
877.796387
908.861694
830.295898
787.136597
865.966492
866.797852
835.203491
782.863525
839.921143
830.252258
806.542664
808.858643
831.984802
872.835327
846.028381
887.788147
832.112183
774.581970
836.753357
854.275208
840.391479
877.678162
861.580994
839.665466
798.164734
818.919006
854.865845
834.402344
841.117981
730.295532
886.868774
782.227417
894.159241
858.050415
879.928284
817.326233
841.996399
852.563416
787.165100
887.568542
805.368652
748.421082
824.307678
866.766541
823.198669
881.379333
818.517761
859.445312
807.023438
826.809631
816.190002
811.618713
798.755554
844.463684
846.612732
857.294861
831.544800
877.414185
863.113037
798.770203
876.078308
869.455872
838.980957
828.327942
816.582886
811.026123
824.906799
854.058533
874.543701
843.806763
844.426941
860.359070
847.307861
874.386292
825.840271
789.673950
854.185913
851.318298
864.229919
809.732605
875.933716
853.587036
854.510559
894.806702
841.681152
828.632751
878.433777
847.100159
766.457703
868.009216
795.231140
826.478455
858.779663
816.407532
856.842407
797.270203
876.067139
899.347046
836.620178
821.685242
825.557434
820.024231
869.469543
869.364197
835.219604
787.530396
900.136658
804.179565
825.789001
813.844971
835.830505
805.680542
902.622131
889.562195
802.839539
818.380493
803.747803
873.633362
858.479919
886.166931
822.123352
862.594116
855.625366
857.189941
815.461792
853.514526
854.771851
883.649780
830.669373
774.751282
883.188843
876.945312
792.248901
784.646240
851.855225
803.247070
794.472839
765.744263
851.775635
805.068298
821.014832
790.342712
768.238647
811.045044
842.609436
845.261292
801.510010
791.373840
836.859314
853.851074
759.809570
871.520386
832.991699
845.539490
854.221619
829.625488
794.616272
866.047607
880.208191
828.579834
831.280029
860.649597
846.040771
850.644897
890.908386
860.001099
755.949585
845.600098
781.139771
836.475586
815.708191
831.398865
782.333313
834.523193
852.166992
843.366028
842.309998
876.778564
827.362854
856.338501
842.802734
887.528015
902.599792
774.273193
750.936462
819.931152
819.236694
859.859680
882.478821
835.378662
824.713562
879.593811
885.763794
885.298218
871.498291
798.793823
853.416443
850.768799
820.235474
780.324402
810.415466
853.876709
879.673340
839.360107
806.651428
886.571960
859.336365
814.081055
859.153870
845.134338
799.289673
803.692871
855.788330
800.220276
820.749512
822.273621
814.538330
847.666626
780.074341
802.466492
833.586670
830.593628
815.266296
834.972168
904.411804
842.273132
813.153809
817.632385
798.266663
824.907104
834.512634
819.184631
785.272644
857.514526
884.932983
831.579407
875.032532
791.971252
832.210083
830.048889
833.297363
848.829163
800.687439
822.512817
856.799866
831.049683
799.237915
834.672424
816.808350
826.367371
800.114075
832.262268
857.785645
795.950134
801.679993
813.302979
775.801086
869.642334
800.998169
849.536743
807.063171
801.415710
844.400269
857.483582
861.260010
799.122742
818.312805
818.761047
786.042114
892.671265
767.688293
845.099609
786.089172
840.727295
767.722595
812.450623
828.237183
848.707947
806.080261
825.549744
783.069763
836.850464
805.309814
791.183289
873.894897
823.771667
829.871765
811.761353
833.507080
810.659607
817.710999
801.083801
800.069763
864.886475
796.925659
867.353577
815.856323
854.624512
825.188477
836.821655
809.640747
794.984680
803.937317
841.955383
792.095093
875.354370
803.594910
880.068787
869.181824
859.858276
822.029602
829.288330
819.696838
850.618591
846.243469
832.727600
848.104980
827.542603
839.893921
845.491089
801.270630
860.089661
856.955994
793.870605
819.787231
872.992004
862.425354
830.897278
840.764832
849.333618
817.099426
840.129822
874.674438
863.622375
845.793274
818.795044
833.015869
830.499329
840.742615
854.232422
863.277100
821.585815
806.875732
850.901184
788.352600
831.962219
869.022034
862.892578
884.944946
829.554504
826.059082
822.518372
853.547546
886.770264
811.662598
872.648926
806.142517
862.997253
818.106201
817.848511
870.512390
837.182190
816.177246
856.012390
817.493469
827.906433
878.042114
852.778442
845.107361
845.822876
868.703430
884.749023
838.308960
848.684143
838.592163
831.840881
838.043091
858.572021
824.147400
816.486389
840.147705
855.732727
862.844421
826.717712
833.205200
844.795898
850.106934
885.033203
855.859131
825.741516
839.383362
817.638977
769.486816
832.922913
764.903809
862.659729
802.356506
816.857300
837.214722
800.888733
825.187988
829.699646
790.575623
804.218811
816.856750
808.971680
850.935120
815.445618
873.962830
846.199951
859.089478
804.983337
814.936218
879.594849
818.175903
828.576538
847.331909
852.880371
873.949341
859.633301
857.592041
855.450256
820.523926
844.690552
820.218506
843.412231
846.231140
814.333374
849.726685
885.022217
846.634033
857.821777
893.377747
866.934692
832.235107
796.790588
822.578003
868.616394
858.178711
870.652588
794.719299
818.188049
869.644409
840.466125
845.774536
834.317810
878.668945
843.496399
836.705811
838.829285
836.013733
806.098206
818.058105
866.149048
837.227600
843.658569
760.645752
897.436462
850.380798
835.290283
855.397400
885.263794
881.846130
829.763611
860.846375
884.830078
883.307068
848.073242
861.262329
800.807739
838.585266
848.340576
902.373474
828.099854
854.159058
812.675598
874.512146
873.506714
844.069275
861.630737
825.889832
837.464966
876.436462
816.432373
844.176270
896.043213
849.082764
861.405090
828.580933
873.377747
867.327759
871.005432
873.957764
787.133118
835.960144
901.980957
811.555359
872.705688
875.118225
857.704102
823.717651
893.763611
796.552124
858.710632
871.196594
881.795227
875.402161
849.697205
847.884399
877.497742
842.300232
852.297241
800.990662
865.541016
820.486938
881.768433
828.907898
874.691345
874.564148
831.475403
878.304565
847.206543
813.541809
799.861511
798.544434
847.619568
810.299072
817.951233
806.718567
839.042297
861.516785
847.967041
881.888123
869.934570
877.474731
788.965820
905.355957
863.467896
854.450195
828.765686
823.390137
845.568848
844.245789
811.096985
862.394409
827.213928
872.428162
885.065491
881.020691
838.113770
872.246643
847.367126
887.506165
863.365356
787.984985
862.164124
915.146667
892.130005
873.575928
864.419128
820.119263
850.081970
856.842712
843.095276
859.837830
849.935059
836.901367
855.192871
877.617065
889.176697
845.202820
893.643066
837.453491
842.272644
857.594360
841.720459
837.444641
820.524780
849.427917
774.481506
865.259888
858.056213
805.719727
834.422485
856.083618
866.750244
878.580750
871.306885
817.113403
857.280090
822.662109
839.026428
844.431641
823.169495
845.199585
831.132629
844.286621
788.992493
785.718262
831.468689
831.792847
830.515503
828.075012
850.848389
837.446289
805.220276
791.543945
872.624695
838.406616
845.644653
857.047974
862.146179
860.196716
834.630188
890.184265
826.970520
894.414307
864.097107
793.440308
855.129150
797.548889
889.586426
881.058228
840.690308
878.577087
819.266113
857.722595
832.083374
885.471436
891.087280
808.708191
836.820801
813.975464
879.118713
856.786926
830.064880
826.909607
864.685730
750.555054
830.907715
832.041199
829.897278
855.665527
841.028015
864.861877
842.269226
851.582458
852.610168
876.671753
837.699524
834.244873
826.909851
824.084717
861.634766
854.941772
865.046265
863.866089
841.817078
785.228943
866.488708
858.876160
859.815247
873.884521
868.981812
846.852417
807.435303
887.419861
878.991333
870.577026
842.977905
812.172302
819.721802
870.434387
853.729492
877.133850
861.934204
845.453735
789.776367
834.373596
815.274536
846.324646
889.455200
868.773926
837.543274
855.330566
832.021240
856.369873
808.839294
848.235352
871.538513
835.185425
870.335022
844.571411
778.885986
855.927856
870.228271
899.017822
838.493652
817.700073
790.223877
887.711609
869.619751
878.514465
841.244385
834.780884
876.238586
846.619812
850.788330
853.325012
845.137268
810.336731
879.036804
862.871460
834.228455
846.935181
870.289001
850.682007
834.077393
847.619263
837.157776
865.802307
800.891907
834.321350
877.099609
834.484802
877.411560
869.437317
834.021729
837.672363
846.459778
844.140137
866.141968
868.233704
904.721191
891.075623
866.037537
887.667419
858.939575
866.994080
873.694641
879.515564
862.836487
825.531738
854.524719
870.381836
863.757324
852.283936
828.134338
867.237671
835.709656
823.262634
814.154480
788.837402
808.429443
792.524353
881.708679
826.747375
852.912781
839.408386
897.093079
867.670532
867.776672
853.381653
895.052002
880.265076
856.699280
870.264160
833.882629
853.190979
855.286377
842.020020
883.639526
852.078674
858.658875
836.365723
845.170837
806.149780
865.517029
838.446167
834.527466
840.641541
804.737854
841.573425
827.515015
833.799377
846.594849
888.169861
843.996033
834.084045
828.222717
811.413147
823.048218
752.945068
856.208008
830.954651
869.026428
858.841431
847.455566
845.402893
804.134827
830.141724
827.720154
790.909363
851.854614
874.904297
847.115479
891.535034
794.698792
854.247375
791.927734
837.362976
786.361267
794.607849
877.796936
798.394409
858.532959
838.222839
805.792419
826.563538
783.590576
833.600037
838.095886
806.362061
829.663208
801.001587
791.772095
838.492798
896.231140
829.670044
822.528564
883.640991
833.654541
874.291992
825.760681
846.175903
811.334656
877.183655
853.889221
852.137329
845.556213
856.569580
798.623413
868.505005
871.111877
854.570801
860.372925
847.342651
877.807129
851.266602
775.064087
842.617249
867.973816
858.919861
875.637329
836.090759
834.445190
865.386841
868.124817
866.202759
820.222351
876.127991
818.960632
874.885742
843.599609
877.983154
889.150757
815.773438
824.375366
837.791382
856.272034
883.729980
824.719116
841.698425
830.197266
809.823059
880.176392
871.151855
864.177612
863.514832
824.810486
918.291870
835.943665
848.309937
850.780396
872.685974
843.679688
867.963989
848.486694
866.786316
925.057739
791.810669
844.016663
786.134583
853.858337
862.696777
874.528076
866.514832
872.482178
809.809387
924.500305
857.675232
866.537415
815.975403
835.002808
893.138611
894.194519
837.356873
824.666504
869.779541
884.897278
866.988892
876.197876
863.659607
890.283447
877.809509
860.748108
804.469971
826.488159
813.419983
860.058960
832.997620
886.213745
903.599976
892.213257
916.815979
881.388428
831.083069
864.210144
843.898499
811.914246
857.892151
831.533936
859.057800
877.478699
854.175964
888.841003
834.947815
883.823059
851.356506
867.556213
875.759705
847.584961
872.178711
832.823975
844.675354
866.845825
850.862610
842.520264
839.815002
854.739990
810.024048
864.657776
811.231262
881.057861
892.443604
828.769226
875.310669
827.961487
862.315552
859.191589
860.396667
874.948730
855.506165
859.398499
877.510010
860.031067
883.974487
888.226807
865.234680
848.999390
867.461365
890.109924
872.560120
834.733459
854.093018
831.832092
865.868713
848.096436
832.225342
903.072021
870.788574
881.470703
849.407776
864.924255
871.289612
859.171875
842.775696
845.292419
891.671326
885.295898
883.379395
904.222168
902.119873
875.795166
865.669434
883.939270
874.529785
839.306641
839.837524
861.546143
880.194031
878.279602
896.298035
891.626099
863.326111
863.733093
876.123718
863.212952
857.352783
883.553650
864.862427
864.182678
887.001465
887.356934
900.720581
824.017395
925.342102
894.538757
842.162537
853.311401
865.132874
894.263916
859.167786
870.304077
909.996521
851.238098
838.117493
850.138000
869.649780
903.396606
869.986694
840.646545
889.841980
901.972107
848.530396
856.231689
907.269897
905.460083
834.684021
896.896667
834.258362
880.408020
849.436401
844.940063
886.473450
854.759827
903.568359
876.872009
857.839905
872.471252
875.168091
837.163147
847.710938
870.997192
830.132446
884.688599
888.920105
866.090881
880.127197
894.034119
873.787781
897.219788
843.162598
888.635498
888.194946
890.045776
846.462708
898.461792
882.790710
847.875610
879.207031
849.828247
887.934753
844.674622
873.775085
891.394897
869.931946
910.070557
838.765381
875.467102
855.269714
801.328979
831.472046
848.587158
882.302734
862.075439
866.620422
859.696167
871.362305
850.398865
857.759094
879.613708
861.353760
842.372437
867.616150
877.407166
816.894897
842.125366
868.851379
847.689514
882.177490
861.589722
788.070190
833.454956
832.910461
859.278076
818.300781
892.624695
840.023254
869.663574
867.373352
897.211304
892.977966
872.872925
861.823486
837.669739
834.100098
881.965637
898.733826
889.818298
876.152161
901.144287
822.276733
896.534729
877.658630
871.243225
888.133667
866.838745
844.699707
883.866577
899.336060
905.971863
919.300354
888.773621
887.200745
837.992371
881.812012
852.647522
867.563110
887.167175
839.573059
900.308716
838.064514
887.065430
864.433716
831.710205
830.447632
865.362366
931.208374
858.298950
892.265930
856.354187
880.967346
879.910522
882.672485
862.284912
850.884277
876.264893
887.189087
803.088562
802.350281
886.969177
823.598755
863.725159
878.962341
866.430054
843.378296
858.672058
873.002808
870.733887
889.323669
834.989441
838.360718
910.156372
867.167786
850.082764
926.884949
819.774597
903.701782
887.798279
908.510559
916.204163
882.039429
910.225281
860.802185
903.578613
909.818298
858.041809
919.650940
878.689758
881.856934
895.125610
912.490723
889.437927
892.780029
925.904358
896.272705
893.697205
895.116394
896.570496
876.386047
908.340393
906.393250
931.128845
924.955688
897.005859
880.569458
928.276917
894.632507
893.201843
991.861633
913.409546
872.646301
881.362549
934.801636
871.753845
848.200012
916.848267
912.521729
933.440796
918.242737
885.900513
938.027710
936.085327
926.315002
822.309875
913.050476
865.656799
872.244995
899.077576
941.968750
886.307129
897.444824
855.175232
871.053040
890.317017
917.681213
861.761475
921.242920
884.719543
906.433472
936.409790
905.106628
966.641968
892.401672
953.819702
843.133911
881.700195
946.220459
867.813843
901.776245
902.591431
931.844604
939.270203
943.273071
928.174683
900.517090
913.861572
900.826355
899.245483
961.196045
886.664368
875.451355
898.734497
948.833923
880.367859
923.557983
892.721863
934.461670
856.481262
923.311218
884.526917
908.022278
932.476318
888.360840
903.055237
915.388611
940.160217
909.670532
956.136841
898.371643
910.169617
874.757507
903.989807
905.825806
889.071899
877.303528
930.051514
920.997498
934.997681
918.270630
886.211548
916.268860
939.826721
907.872192
952.791260
894.530945
903.928040
877.484802
910.062073
864.697205
910.390747
922.725098
861.111023
907.570374
886.454102
856.167480
932.474121
918.391663
915.630676
913.923767
943.281799
901.860107
953.670837
882.017456
860.018555
848.566223
858.917419
893.982239
871.207336
878.365234
893.231873
941.921875
917.480530
913.782471
918.440674
906.943787
941.557251
859.816040
960.745483
915.620178
923.979492
825.231262
895.015930
885.072754
887.726440
916.336670
829.026550
894.602661
933.112305
870.852112
920.579346
883.314697
894.365723
894.225220
884.486877
885.368164
859.262756
930.770935
909.849060
938.414246
870.213196
892.659546
932.485474
895.641907
885.508606
916.278320
894.906799
940.737976
893.121521
864.457214
903.988892
911.662842
870.974487
910.289551
876.535828
910.042786
900.630554
902.829163
910.896606
890.205627
910.542847
865.197571
895.313232
926.638916
901.342346
904.250427
915.936829
915.657104
872.901733
901.075928
842.965027
902.381592
873.882629
850.442200
910.673767
879.488281
892.020081
946.219116
873.504211
855.228882
884.560242
881.917480
883.389343
884.745972
893.735229
915.699158
924.675781
918.309021
867.627319
883.703491
887.390137
887.921631
942.164246
888.027405
919.174622
897.409729
912.082947
967.694336
863.501465
905.266785
850.073486
860.543945
908.054749
952.103943
931.269409
911.624939
903.792236
910.105957
902.434753
892.490234
887.294739
891.453125
937.890625
895.359070
905.764832
941.368835
880.042664
870.881958
951.599304
869.905151
921.691284
899.309631
885.820251
843.752380
914.580627
883.438904
962.970276
858.208008
909.312561
877.885559
909.797485
899.838928
892.116699
892.362244
926.939270
881.301941
920.579712
897.010071
873.716064
926.342896
913.872192
872.916260
863.873779
935.030151
878.567261
915.278137
835.009644
920.333374
912.713257
911.539734
859.093140
888.389099
924.167236
930.884827
848.194092
872.144531
911.505005
879.018372
890.594788
914.065430
863.953369
936.400391
928.380432
934.210632
872.793030
887.745422
924.938538
881.358765
913.907104
886.363831
926.215149
894.199036
884.328308
907.087646
905.746094
874.074402
837.241394
927.684143
905.691711
866.642334
865.080688
915.648254
911.657715
858.261230
861.281189
891.470093
889.293640
907.095764
906.035522
862.200806
892.603271
864.688110
816.156006
871.830383
872.802307
856.221436
912.893860
885.803894
852.646851
894.966797
876.840027
852.780457
897.586548
896.826599
867.250549
849.398071
895.949219
859.146912
881.734802
854.450806
884.145813
875.759705
879.885071
925.972290
907.173157
868.660950
858.959595
864.693848
879.564148
928.369202
910.731384
854.473389
919.408203
886.844666
891.886902
873.466614
917.757568
901.585754
878.485352
884.306702
862.806763
902.070618
890.275635
902.291809
869.139282
850.918274
836.644714
851.142639
921.207886
898.711975
897.051636
907.661499
909.399902
852.386902
921.901917
896.847351
880.858032
908.872070
888.320923
894.139099
874.774536
931.855835
878.683167
890.074951
893.806824
887.872559
926.579346
862.928650
912.179199
890.220276
924.639771
915.397888
897.545471
879.632690
897.289062
896.805542
864.365173
866.958008
865.890198
883.207458
831.326233
900.303223
909.009644
907.566284
884.745178
850.647156
906.151489
896.330872
901.163147
897.594666
886.089050
908.571777
894.971924
902.692200
892.304993
905.431763
889.353455
873.526245
903.875000
865.025269
927.218567
938.060486
820.117065
866.787476
889.902649
907.382568
920.493042
933.645447
879.256714
856.927063
902.562195
922.785828
888.677979
876.171204
916.078552
874.509949
904.379822
864.881714
892.617188
938.254761
891.348572
927.151672
886.573792
909.858826
897.049316
984.958435
912.220398
910.199463
918.575500
864.295532
923.378052
930.010193
868.354126
849.267944
884.618408
914.172913
882.822510
867.075867
932.748352
902.287781
871.300232
921.240417
891.063721
857.848328
888.940430
922.981079
867.704529
871.043579
917.354980
941.457275
857.622742
866.632874
919.583435
851.780212
856.653137
867.526672
911.262756
866.044922
913.581543
913.563171
876.635681
925.201538
915.200073
898.746948
902.009766
923.571045
929.999756
918.807739
884.840576
891.634155
925.761475
894.085754
899.729797
883.969910
902.674927
948.861389
913.351929
863.768982
919.866272
944.349365
931.510071
907.014893
945.073364
905.952148
950.871582
932.323242
929.629761
934.278748
899.336731
928.435730
918.462769
897.273071
920.019653
934.800293
952.628845
909.290710
908.403320
917.677429
909.267700
879.558411
868.299500
937.306885
911.533630
892.588196
904.626099
882.342285
893.102722
913.096680
917.041687
860.877441
939.842957
874.850708
950.658081
910.085754
894.061584
915.002014
902.534363
921.696106
891.427063
934.090820
859.742554
904.502136
885.380188
896.660889
857.963318
869.378906
872.856873
905.668030
926.801270
936.569458
888.471680
865.895508
