0.932518,0.029467,0.216408,0.633994,0.000000,1.000000
0.000000,0.000000,0.407117,0.607631,0.293853,0.000000
0.107738,0.088361,1.000000,0.000000,1.000000,0.511881
1.000000,1.000000,0.662561,0.872881,0.000000,0.000000
0.710704,0.578545,0.375670,0.434224,0.476720,0.904359
0.676050,0.962551,1.000000,0.254990,0.000000,1.000000
0.780364,0.924457,0.707293,0.000000,0.392238,0.816204
0.000000,0.995534,0.331972,0.135559,0.000000,1.000000
0.000000,0.000000,0.111533,0.000000,0.000000,1.000000
0.531184,1.000000,0.063035,1.000000,1.000000,0.826079
0.126407,0.000000,0.250215,0.424376,0.583267,0.556368
0.212685,0.000000,0.000000,0.992323,1.000000,0.793469
0.636175,0.000000,0.229279,1.000000,0.027362,0.000000
0.389963,0.000000,0.000000,0.435781,0.000000,0.348585
0.000000,0.769620,1.000000,0.779105,0.030190,0.256950
0.000000,0.000000,1.000000,0.919715,0.000000,1.000000
0.317733,0.682846,1.000000,0.849513,0.000000,0.000000
1.000000,0.000000,0.927972,0.000000,0.727836,0.000000
0.743514,1.000000,0.000000,1.000000,0.819340,0.014843
0.757437,1.000000,1.000000,0.260646,0.439903,0.773009